33853.0 214.0 0.0 0.0 5894.0 1261.0 8078.0 1836.0 0.0 0.0 33.0 11630.0 0.0 0.0 0.0 0.0 0.0 0.0 0.0 0.0 2857.0 471.0 1284.0 6.0 1309.0 124.0 2512.0 17312.0 0.0 0.0 0.0 1394.0 0.0 0.0 0.0 0.0 0.0 0.0 0.0 0.0 0.0 2.0 174.0 508.0 0.0 0.0 4.0 3115.0 0.0 0.0 0.0 0.0 0.0 0.0 0.0 0.0 0.0 0.0 0.0 0.0 0.0 0.0 0.0 4433.0 
62408.0 251.0 0.0 0.0 36475.0 1956.0 8121.0 1836.0 0.0 0.0 33.0 11630.0 0.0 0.0 0.0 0.0 0.0 0.0 0.0 0.0 10281.0 1924.0 1435.0 6.0 2427.0 639.0 3443.0 19565.0 0.0 0.0 0.0 1394.0 0.0 0.0 0.0 0.0 0.0 0.0 0.0 0.0 10.0 44.0 1054.0 3068.0 0.0 0.0 217.0 12330.0 0.0 0.0 0.0 0.0 0.0 0.0 0.0 0.0 0.0 0.0 0.0 0.0 0.0 0.0 5.0 16056.0 
69424.0 448.0 0.0 0.0 45795.0 3449.0 11066.0 2420.0 0.0 0.0 33.0 11630.0 0.0 0.0 0.0 0.0 35.0 8.0 0.0 0.0 22458.0 7895.0 13825.0 1598.0 9020.0 1722.0 4940.0 43230.0 0.0 0.0 0.0 1394.0 0.0 0.0 0.0 0.0 3.0 33.0 53.0 0.0 9280.0 1963.0 1417.0 3089.0 0.0 20.0 232.0 12330.0 0.0 0.0 0.0 0.0 0.0 0.0 0.0 0.0 0.0 0.0 2.0 8.0 0.0 1.0 30.0 16061.0 
94859.0 7431.0 0.0 0.0 46074.0 6495.0 11518.0 2423.0 0.0 0.0 33.0 11635.0 0.0 0.0 0.0 0.0 191.0 11.0 0.0 0.0 26005.0 10194.0 15463.0 1716.0 16060.0 2067.0 5943.0 52352.0 0.0 0.0 0.0 1930.0 0.0 0.0 0.0 0.0 32.0 72.0 53.0 0.0 21519.0 5414.0 1921.0 5068.0 7.0 169.0 233.0 25986.0 0.0 0.0 0.0 0.0 0.0 0.0 0.0 0.0 0.0 42.0 66.0 8.0 0.0 18.0 176.0 20032.0 
107491.0 11683.0 0.0 0.0 47342.0 15865.0 14550.0 2761.0 0.0 0.0 214.0 22159.0 0.0 0.0 0.0 0.0 352.0 16.0 0.0 0.0 29753.0 15013.0 18442.0 1716.0 16259.0 4908.0 9618.0 58842.0 0.0 0.0 0.0 1930.0 9.0 3.0 0.0 0.0 66.0 237.0 56.0 0.0 21672.0 18704.0 7484.0 7629.0 7.0 767.0 755.0 27567.0 0.0 0.0 0.0 0.0 0.0 42.0 0.0 0.0 0.0 149.0 183.0 17.0 0.0 156.0 3421.0 23682.0 
137720.0 11788.0 0.0 0.0 59150.0 16407.0 14550.0 2761.0 0.0 0.0 214.0 22159.0 0.0 0.0 0.0 0.0 718.0 18.0 0.0 0.0 49677.0 18789.0 18522.0 1716.0 21770.0 5750.0 10059.0 58959.0 0.0 0.0 0.0 1930.0 12.0 3.0 0.0 0.0 123.0 344.0 63.0 0.0 25484.0 20386.0 10373.0 10439.0 7.0 772.0 931.0 29305.0 0.0 0.0 0.0 0.0 0.0 42.0 0.0 0.0 5.0 339.0 204.0 20.0 0.0 163.0 3557.0 34595.0 
155421.0 14461.0 0.0 0.0 70538.0 17474.0 14771.0 2761.0 203.0 0.0 214.0 22159.0 0.0 0.0 0.0 0.0 1167.0 409.0 0.0 0.0 50337.0 24811.0 25720.0 1716.0 21860.0 5769.0 13671.0 62985.0 0.0 0.0 0.0 2156.0 13.0 3.0 0.0 0.0 130.0 677.0 450.0 0.0 25484.0 20520.0 15640.0 16690.0 7.0 772.0 932.0 56355.0 0.0 0.0 0.0 0.0 0.0 42.0 0.0 0.0 5.0 339.0 587.0 235.0 0.0 163.0 3700.0 36781.0 
181059.0 17080.0 0.0 0.0 81661.0 30802.0 14771.0 2761.0 203.0 0.0 214.0 22159.0 0.0 0.0 0.0 0.0 1167.0 432.0 0.0 0.0 51311.0 48449.0 25825.0 1716.0 21860.0 11294.0 16551.0 62985.0 0.0 0.0 0.0 2156.0 13.0 3.0 0.0 0.0 130.0 818.0 463.0 0.0 25484.0 20529.0 16262.0 16698.0 7.0 772.0 953.0 56424.0 0.0 0.0 0.0 0.0 0.0 42.0 0.0 0.0 5.0 339.0 587.0 235.0 0.0 163.0 3700.0 48349.0 
209497.0 17081.0 0.0 0.0 82454.0 30829.0 14771.0 2761.0 203.0 0.0 214.0 22159.0 0.0 0.0 0.0 0.0 7946.0 438.0 0.0 0.0 71555.0 49319.0 25825.0 1716.0 21877.0 11313.0 16554.0 62985.0 0.0 0.0 0.0 2156.0 2135.0 3.0 0.0 0.0 14269.0 2912.0 463.0 0.0 26828.0 23413.0 16294.0 16698.0 7.0 772.0 953.0 56424.0 0.0 0.0 0.0 0.0 5175.0 774.0 0.0 0.0 44.0 2135.0 753.0 235.0 0.0 195.0 4003.0 58598.0 
250557.0 17257.0 0.0 0.0 89527.0 32155.0 14771.0 2761.0 203.0 0.0 214.0 22159.0 0.0 0.0 0.0 0.0 11572.0 461.0 0.0 0.0 89975.0 56151.0 25925.0 1716.0 22422.0 11415.0 16645.0 62985.0 0.0 0.0 0.0 2156.0 2136.0 3.0 0.0 0.0 14930.0 4148.0 465.0 0.0 26834.0 23938.0 17217.0 16725.0 7.0 772.0 971.0 56499.0 0.0 0.0 0.0 0.0 5175.0 776.0 0.0 0.0 44.0 2337.0 883.0 238.0 0.0 195.0 4226.0 73494.0 
270159.0 18340.0 0.0 0.0 121416.0 40912.0 14812.0 2761.0 203.0 0.0 214.0 22159.0 0.0 0.0 0.0 0.0 11746.0 471.0 0.0 0.0 98068.0 66954.0 32261.0 1716.0 23108.0 15258.0 19461.0 62985.0 0.0 0.0 0.0 2156.0 2136.0 3.0 0.0 0.0 14930.0 4231.0 467.0 0.0 26834.0 24306.0 17812.0 17435.0 7.0 773.0 980.0 56854.0 0.0 0.0 0.0 0.0 5175.0 776.0 0.0 0.0 44.0 2337.0 885.0 240.0 0.0 195.0 4236.0 75528.0 
288165.0 18548.0 0.0 0.0 135785.0 46447.0 14869.0 2761.0 629.0 3.0 214.0 22159.0 0.0 0.0 0.0 0.0 11758.0 471.0 0.0 0.0 103989.0 71714.0 35929.0 1716.0 41121.0 30629.0 22807.0 62985.0 0.0 1.0 0.0 2156.0 2136.0 3.0 0.0 0.0 14930.0 4260.0 467.0 0.0 26835.0 25010.0 20752.0 19012.0 7.0 777.0 995.0 57851.0 0.0 0.0 0.0 0.0 5175.0 776.0 0.0 0.0 44.0 2341.0 911.0 240.0 0.0 195.0 4390.0 77685.0 
302777.0 18997.0 0.0 0.0 139372.0 49409.0 14869.0 2761.0 629.0 3.0 214.0 22159.0 0.0 0.0 0.0 0.0 11761.0 490.0 0.0 0.0 106906.0 80515.0 37156.0 1716.0 70526.0 34718.0 28782.0 62985.0 0.0 1.0 0.0 2156.0 2136.0 3.0 0.0 0.0 14930.0 4260.0 467.0 0.0 35526.0 26018.0 23559.0 19039.0 682.0 1246.0 997.0 57922.0 0.0 0.0 0.0 0.0 5175.0 776.0 0.0 0.0 44.0 2341.0 915.0 240.0 36.0 252.0 4401.0 88085.0 
322049.0 19129.0 0.0 0.0 144464.0 49808.0 14869.0 2761.0 629.0 3.0 214.0 22159.0 0.0 0.0 0.0 0.0 13066.0 490.0 0.0 0.0 128617.0 86261.0 37192.0 1716.0 87455.0 38058.0 28895.0 62985.0 0.0 1.0 0.0 2156.0 2136.0 3.0 0.0 0.0 15288.0 5159.0 467.0 0.0 35526.0 26850.0 23833.0 19191.0 682.0 1246.0 1013.0 65470.0 0.0 0.0 0.0 0.0 5175.0 776.0 0.0 0.0 44.0 2345.0 922.0 240.0 36.0 252.0 4417.0 102208.0 
359426.0 19129.0 0.0 0.0 167526.0 50121.0 14869.0 2761.0 629.0 3.0 214.0 22159.0 0.0 0.0 0.0 0.0 13325.0 490.0 0.0 0.0 141074.0 90562.0 37192.0 1716.0 90729.0 39985.0 28922.0 62985.0 0.0 1.0 0.0 2156.0 2139.0 3.0 0.0 0.0 15501.0 5359.0 467.0 0.0 35526.0 27184.0 24814.0 19193.0 682.0 1251.0 1207.0 65906.0 0.0 0.0 0.0 0.0 5175.0 786.0 0.0 0.0 44.0 2357.0 1105.0 240.0 36.0 252.0 4618.0 114741.0 
373724.0 19202.0 0.0 0.0 174250.0 50286.0 14870.0 2761.0 629.0 3.0 214.0 22159.0 0.0 0.0 0.0 0.0 16043.0 491.0 0.0 0.0 167969.0 91919.0 48799.0 1716.0 95429.0 40932.0 36945.0 65965.0 0.0 1.0 0.0 2156.0 2364.0 24.0 0.0 0.0 16091.0 5580.0 468.0 0.0 35877.0 28801.0 34080.0 24244.0 682.0 1288.0 1216.0 65928.0 52.0 14.0 0.0 0.0 5205.0 830.0 14.0 0.0 54.0 2391.0 1195.0 246.0 36.0 255.0 4633.0 114833.0 
398003.0 19670.0 0.0 0.0 182652.0 50873.0 14877.0 2761.0 629.0 3.0 214.0 22159.0 0.0 0.0 0.0 0.0 16070.0 491.0 0.0 0.0 192610.0 94390.0 53470.0 3032.0 96547.0 41461.0 38097.0 76525.0 0.0 1.0 0.0 2156.0 2364.0 24.0 0.0 0.0 16096.0 5590.0 468.0 0.0 35959.0 31165.0 36281.0 34971.0 682.0 1303.0 1388.0 66295.0 52.0 14.0 0.0 0.0 5205.0 830.0 14.0 0.0 54.0 2391.0 1230.0 246.0 36.0 255.0 6362.0 115202.0 
414895.0 27293.0 0.0 0.0 183711.0 51551.0 14877.0 2761.0 629.0 3.0 214.0 22159.0 0.0 0.0 0.0 0.0 18169.0 578.0 0.0 0.0 227643.0 99914.0 66357.0 3035.0 98314.0 41630.0 40091.0 77657.0 0.0 1.0 0.0 2156.0 2364.0 24.0 0.0 0.0 16265.0 5754.0 470.0 0.0 36546.0 32182.0 39004.0 39554.0 682.0 1303.0 1423.0 66456.0 52.0 14.0 0.0 0.0 5205.0 830.0 14.0 0.0 54.0 2444.0 1270.0 247.0 36.0 256.0 6511.0 116874.0 
424696.0 27525.0 0.0 0.0 190591.0 52989.0 14877.0 2761.0 629.0 3.0 214.0 22159.0 0.0 0.0 0.0 0.0 18926.0 594.0 0.0 0.0 247547.0 103197.0 66593.0 3035.0 122795.0 47452.0 40563.0 77686.0 0.0 1.0 0.0 2156.0 2502.0 40.0 0.0 0.0 16850.0 5921.0 498.0 0.0 37166.0 34859.0 40470.0 44135.0 682.0 1344.0 1447.0 69412.0 103.0 73.0 0.0 0.0 5215.0 839.0 14.0 0.0 107.0 2602.0 1295.0 250.0 36.0 277.0 6630.0 128020.0 
433876.0 27804.0 0.0 0.0 197469.0 53827.0 14877.0 2761.0 629.0 3.0 214.0 22159.0 0.0 0.0 0.0 0.0 20550.0 600.0 0.0 0.0 278683.0 105661.0 66657.0 3035.0 147675.0 52978.0 40702.0 77695.0 0.0 1.0 0.0 2156.0 2755.0 54.0 0.0 0.0 18682.0 6446.0 507.0 0.0 38459.0 42545.0 41251.0 44517.0 682.0 1421.0 1508.0 69426.0 158.0 179.0 0.0 0.0 5215.0 883.0 17.0 0.0 108.0 2655.0 1581.0 279.0 36.0 279.0 7314.0 129111.0 
440202.0 27804.0 0.0 0.0 197958.0 53828.0 14877.0 2761.0 629.0 3.0 214.0 22159.0 0.0 0.0 0.0 0.0 23921.0 603.0 0.0 0.0 293387.0 106247.0 66657.0 3035.0 149497.0 53660.0 40702.0 77695.0 0.0 1.0 0.0 2156.0 2981.0 54.0 0.0 0.0 21844.0 7050.0 508.0 0.0 57141.0 58344.0 41583.0 44841.0 682.0 1496.0 1686.0 85708.0 158.0 179.0 0.0 0.0 5256.0 923.0 17.0 0.0 566.0 5214.0 1717.0 279.0 43.0 2439.0 7855.0 137824.0 
448682.0 27847.0 0.0 0.0 198514.0 53872.0 14877.0 2761.0 629.0 3.0 214.0 22159.0 0.0 0.0 0.0 0.0 24542.0 606.0 0.0 0.0 325839.0 109608.0 66667.0 3035.0 156339.0 60471.0 40710.0 77695.0 0.0 1.0 0.0 2156.0 2981.0 54.0 0.0 0.0 21949.0 7459.0 508.0 0.0 57586.0 69431.0 42071.0 46589.0 682.0 1500.0 1709.0 94340.0 158.0 179.0 0.0 0.0 5256.0 923.0 17.0 0.0 566.0 5221.0 1763.0 279.0 43.0 2439.0 7962.0 153796.0 
455322.0 27992.0 139.0 0.0 201118.0 53948.0 24749.0 3001.0 629.0 3.0 214.0 22159.0 0.0 0.0 0.0 0.0 24882.0 607.0 0.0 0.0 348934.0 111106.0 75470.0 5926.0 159655.0 62252.0 41675.0 86906.0 0.0 1.0 0.0 2156.0 2981.0 54.0 0.0 0.0 21976.0 7488.0 508.0 0.0 58097.0 71016.0 43133.0 57872.0 682.0 1516.0 1769.0 101404.0 158.0 179.0 0.0 0.0 5256.0 923.0 17.0 0.0 566.0 5224.0 1764.0 279.0 43.0 2441.0 8069.0 158733.0 
475461.0 28600.0 1152.0 0.0 208964.0 54351.0 29813.0 3053.0 629.0 3.0 214.0 22159.0 0.0 0.0 0.0 0.0 24955.0 611.0 0.0 0.0 359672.0 112966.0 88082.0 8491.0 159668.0 62404.0 45312.0 95435.0 0.0 1.0 0.0 2156.0 2993.0 63.0 0.0 0.0 21977.0 7500.0 508.0 0.0 58097.0 71182.0 47738.0 71278.0 682.0 1516.0 1778.0 103849.0 158.0 179.0 0.0 0.0 5256.0 923.0 17.0 0.0 566.0 5224.0 1764.0 280.0 43.0 2441.0 8096.0 161036.0 
476956.0 28600.0 1152.0 0.0 210030.0 54714.0 30106.0 3053.0 629.0 9.0 320.0 22159.0 0.0 0.0 0.0 0.0 25241.0 611.0 0.0 0.0 372215.0 114226.0 89243.0 8491.0 162445.0 62750.0 47712.0 95435.0 0.0 1.0 0.0 2156.0 2993.0 63.0 0.0 0.0 23452.0 7521.0 508.0 0.0 71271.0 71506.0 48433.0 71289.0 707.0 1525.0 1858.0 103993.0 158.0 179.0 0.0 0.0 5274.0 923.0 17.0 0.0 1966.0 5397.0 1791.0 280.0 108.0 2690.0 8318.0 179323.0 
499859.0 28600.0 1152.0 0.0 210399.0 54714.0 30106.0 3053.0 629.0 9.0 320.0 22159.0 0.0 0.0 0.0 0.0 34481.0 613.0 0.0 0.0 396225.0 114919.0 89243.0 8491.0 162567.0 62755.0 47712.0 95435.0 0.0 1.0 0.0 2156.0 4253.0 63.0 0.0 0.0 45623.0 9114.0 508.0 0.0 79029.0 73273.0 48481.0 71289.0 707.0 1525.0 1858.0 103993.0 167.0 179.0 0.0 0.0 8081.0 1059.0 17.0 0.0 4414.0 6152.0 1857.0 280.0 203.0 2724.0 8331.0 179323.0 
515854.0 28650.0 1152.0 0.0 212317.0 55246.0 30112.0 3053.0 629.0 9.0 320.0 22159.0 0.0 0.0 0.0 0.0 40748.0 619.0 0.0 0.0 412593.0 122263.0 89815.0 8491.0 163772.0 64514.0 48964.0 95481.0 0.0 1.0 0.0 2156.0 5727.0 88.0 0.0 0.0 52762.0 15036.0 510.0 0.0 82275.0 82548.0 50559.0 72637.0 707.0 1565.0 2180.0 115410.0 174.0 183.0 0.0 0.0 8215.0 1379.0 17.0 0.0 4652.0 7307.0 1952.0 280.0 203.0 2922.0 8748.0 179451.0 
530332.0 28650.0 1152.0 0.0 218757.0 55255.0 30112.0 3053.0 629.0 9.0 320.0 22159.0 0.0 0.0 0.0 0.0 49870.0 619.0 0.0 0.0 441619.0 122985.0 89815.0 8491.0 173527.0 72264.0 48964.0 95481.0 0.0 1.0 0.0 2156.0 9135.0 263.0 0.0 0.0 56283.0 15953.0 510.0 0.0 86066.0 91389.0 50665.0 72637.0 707.0 1579.0 2231.0 115411.0 174.0 183.0 0.0 0.0 8216.0 1435.0 17.0 0.0 4658.0 7366.0 1957.0 280.0 203.0 2924.0 8782.0 179465.0 
541727.0 28650.0 1152.0 0.0 222873.0 55294.0 30112.0 3053.0 629.0 9.0 320.0 22159.0 0.0 0.0 0.0 0.0 50704.0 619.0 0.0 0.0 459406.0 126053.0 90012.0 8491.0 175986.0 72967.0 49366.0 95481.0 0.0 1.0 0.0 2156.0 9135.0 263.0 0.0 0.0 59762.0 17368.0 513.0 0.0 98030.0 111396.0 56026.0 72648.0 1239.0 10681.0 2257.0 115583.0 174.0 183.0 0.0 0.0 8216.0 1435.0 17.0 0.0 6546.0 8529.0 2142.0 280.0 484.0 4543.0 8869.0 179474.0 
547492.0 28650.0 1152.0 0.0 224992.0 55419.0 30119.0 3053.0 629.0 9.0 320.0 22159.0 0.0 0.0 0.0 0.0 52365.0 625.0 0.0 0.0 468775.0 129136.0 90800.0 8491.0 179734.0 75526.0 51247.0 95481.0 0.0 1.0 0.0 2156.0 10156.0 299.0 0.0 0.0 60933.0 17902.0 513.0 0.0 107900.0 139750.0 61423.0 74999.0 1278.0 11186.0 2920.0 128281.0 312.0 237.0 0.0 0.0 8335.0 1664.0 17.0 0.0 6612.0 10085.0 2152.0 280.0 487.0 6469.0 8944.0 179852.0 
575399.0 29251.0 1152.0 0.0 233260.0 57043.0 30144.0 3053.0 629.0 9.0 320.0 22159.0 0.0 0.0 0.0 0.0 56240.0 779.0 0.0 0.0 485043.0 136400.0 91499.0 8573.0 181513.0 81529.0 51527.0 95663.0 0.0 1.0 0.0 2156.0 10510.0 587.0 0.0 0.0 64855.0 21079.0 546.0 0.0 110248.0 147210.0 61985.0 75252.0 1335.0 12300.0 3025.0 128322.0 312.0 244.0 0.0 0.0 8368.0 2133.0 41.0 0.0 6667.0 11560.0 2257.0 281.0 546.0 7572.0 9098.0 179946.0 
583354.0 29254.0 1152.0 0.0 236008.0 57088.0 30144.0 3053.0 629.0 9.0 320.0 22159.0 0.0 0.0 0.0 0.0 61217.0 792.0 0.0 0.0 503109.0 137919.0 91504.0 8573.0 187687.0 83478.0 51660.0 95674.0 203.0 358.0 0.0 2156.0 11051.0 629.0 0.0 0.0 75024.0 24095.0 546.0 0.0 121146.0 155846.0 62440.0 75296.0 1451.0 25739.0 3164.0 129139.0 312.0 260.0 0.0 0.0 8527.0 2462.0 41.0 0.0 7740.0 14560.0 2316.0 285.0 671.0 8537.0 9198.0 179950.0 
612261.0 29254.0 1152.0 0.0 236008.0 57088.0 30144.0 3053.0 629.0 9.0 320.0 22159.0 0.0 0.0 0.0 0.0 79252.0 792.0 0.0 0.0 503194.0 137942.0 91504.0 8573.0 187687.0 83478.0 51660.0 95674.0 203.0 358.0 0.0 2156.0 20611.0 629.0 0.0 0.0 78921.0 24107.0 546.0 0.0 121146.0 155846.0 62440.0 75296.0 1451.0 25739.0 3164.0 129139.0 388.0 260.0 0.0 0.0 34174.0 2462.0 41.0 0.0 16371.0 14560.0 2316.0 285.0 1739.0 8827.0 9443.0 181778.0 
636251.0 29254.0 1152.0 0.0 236008.0 57088.0 30144.0 3053.0 629.0 9.0 320.0 22159.0 0.0 0.0 0.0 0.0 89788.0 792.0 0.0 0.0 504375.0 137967.0 91504.0 8573.0 187687.0 83478.0 51660.0 95674.0 203.0 358.0 0.0 2156.0 26379.0 630.0 0.0 0.0 96406.0 24225.0 546.0 0.0 121155.0 155846.0 62440.0 75296.0 1451.0 25739.0 3164.0 129139.0 1817.0 260.0 0.0 0.0 53733.0 2732.0 41.0 0.0 22165.0 14763.0 2317.0 285.0 12683.0 9027.0 9597.0 182415.0 
648429.0 29254.0 1152.0 0.0 236012.0 57088.0 30144.0 3053.0 629.0 9.0 320.0 22159.0 0.0 0.0 0.0 0.0 96878.0 792.0 0.0 0.0 519963.0 138232.0 91504.0 8573.0 187687.0 83478.0 51660.0 95674.0 203.0 358.0 0.0 2156.0 26380.0 630.0 0.0 0.0 135830.0 25520.0 546.0 0.0 121289.0 156294.0 62440.0 75296.0 1451.0 25739.0 3164.0 129139.0 1817.0 260.0 0.0 0.0 68525.0 2734.0 41.0 0.0 28240.0 15771.0 2317.0 285.0 12683.0 9027.0 9597.0 182415.0 
669485.0 29254.0 1152.0 0.0 236012.0 57088.0 30144.0 3053.0 629.0 9.0 320.0 22159.0 0.0 0.0 0.0 0.0 110581.0 792.0 0.0 0.0 526132.0 138232.0 91504.0 8573.0 187687.0 83478.0 51660.0 95674.0 203.0 358.0 0.0 2156.0 27466.0 630.0 0.0 0.0 178864.0 25526.0 546.0 0.0 121289.0 156295.0 62440.0 75296.0 1451.0 25739.0 3164.0 129139.0 1817.0 260.0 0.0 0.0 80954.0 2737.0 41.0 0.0 28867.0 15789.0 2317.0 285.0 12768.0 9114.0 9597.0 182415.0 
680572.0 29254.0 1152.0 0.0 236012.0 57088.0 30144.0 3053.0 629.0 9.0 320.0 22159.0 0.0 0.0 0.0 0.0 112193.0 792.0 0.0 0.0 526132.0 138232.0 91504.0 8573.0 187687.0 83478.0 51660.0 95674.0 203.0 358.0 0.0 2156.0 28844.0 633.0 0.0 0.0 178864.0 25526.0 546.0 0.0 121289.0 156295.0 62440.0 75296.0 1451.0 25739.0 3164.0 129139.0 78266.0 1192.0 0.0 0.0 83017.0 7517.0 41.0 0.0 28867.0 15789.0 2317.0 285.0 12768.0 9114.0 9597.0 182415.0 
710277.0 29254.0 1152.0 0.0 236012.0 57088.0 30144.0 3053.0 629.0 9.0 320.0 22159.0 0.0 0.0 0.0 0.0 134066.0 792.0 0.0 0.0 526174.0 138233.0 91504.0 8573.0 187687.0 83478.0 51660.0 95674.0 203.0 358.0 0.0 2156.0 37851.0 635.0 0.0 0.0 191893.0 25700.0 546.0 0.0 121304.0 156336.0 62440.0 75296.0 1451.0 25739.0 3164.0 129139.0 78468.0 1192.0 0.0 0.0 101334.0 7627.0 41.0 0.0 34462.0 15980.0 2317.0 285.0 12768.0 9114.0 9597.0 182415.0 
723760.0 55322.0 2482.0 0.0 236012.0 57191.0 30891.0 3053.0 629.0 9.0 320.0 22159.0 0.0 0.0 0.0 0.0 142658.0 15459.0 107.0 0.0 526174.0 141338.0 97687.0 8573.0 187687.0 83478.0 51660.0 95674.0 203.0 358.0 0.0 2156.0 38668.0 6169.0 0.0 0.0 191895.0 32760.0 1182.0 0.0 121304.0 156336.0 62440.0 75296.0 1451.0 25739.0 3164.0 129139.0 78471.0 1565.0 0.0 0.0 101334.0 16496.0 631.0 0.0 34462.0 15980.0 2352.0 285.0 12768.0 9114.0 9597.0 182415.0 
757759.0 55322.0 2482.0 0.0 236012.0 57191.0 30891.0 3053.0 629.0 9.0 320.0 22159.0 0.0 0.0 0.0 0.0 156069.0 15461.0 107.0 0.0 526216.0 141365.0 97687.0 8573.0 187687.0 83478.0 51660.0 95674.0 203.0 358.0 0.0 2156.0 48891.0 6175.0 0.0 0.0 205420.0 33653.0 1182.0 0.0 121304.0 156339.0 62440.0 75296.0 1451.0 25739.0 3164.0 129139.0 79274.0 1582.0 0.0 0.0 122337.0 17827.0 631.0 0.0 37186.0 16270.0 2357.0 285.0 12768.0 9114.0 9597.0 182415.0 
791592.0 55746.0 2482.0 0.0 238415.0 60339.0 30895.0 3053.0 629.0 9.0 320.0 22159.0 0.0 0.0 0.0 0.0 161267.0 15709.0 107.0 0.0 526921.0 143609.0 98457.0 8573.0 187687.0 83867.0 52436.0 95674.0 203.0 358.0 0.0 2156.0 59748.0 6768.0 0.0 0.0 205553.0 35563.0 1336.0 0.0 121304.0 156398.0 62724.0 75296.0 1451.0 25739.0 3166.0 129139.0 95088.0 3696.0 0.0 0.0 124343.0 27885.0 946.0 0.0 37186.0 18096.0 4392.0 286.0 12768.0 9114.0 9598.0 182415.0 
862535.0 55746.0 2482.0 0.0 238415.0 60339.0 30895.0 3053.0 629.0 9.0 320.0 22159.0 0.0 0.0 0.0 0.0 162401.0 15709.0 107.0 0.0 527058.0 143614.0 98457.0 8573.0 187687.0 83867.0 52436.0 95674.0 203.0 358.0 0.0 2156.0 77361.0 6784.0 0.0 0.0 205903.0 35668.0 1336.0 0.0 121510.0 156490.0 62730.0 75296.0 1451.0 25739.0 3166.0 129139.0 98754.0 4462.0 0.0 0.0 124548.0 29616.0 961.0 0.0 37190.0 18223.0 5238.0 286.0 12768.0 9114.0 9921.0 182429.0 
946351.0 56162.0 2482.0 0.0 238418.0 60396.0 30919.0 3053.0 629.0 9.0 320.0 22159.0 0.0 0.0 0.0 0.0 164771.0 15889.0 107.0 0.0 527532.0 144463.0 98624.0 8573.0 187687.0 83867.0 52436.0 95674.0 203.0 358.0 0.0 2156.0 82335.0 6806.0 0.0 0.0 206016.0 36409.0 1398.0 0.0 121510.0 156528.0 63143.0 75313.0 1451.0 25739.0 3241.0 129147.0 99188.0 4482.0 0.0 0.0 124657.0 30452.0 984.0 0.0 37190.0 18260.0 6071.0 331.0 12768.0 9114.0 10521.0 182977.0 
966391.0 56162.0 2482.0 0.0 238418.0 60396.0 30919.0 3053.0 629.0 9.0 320.0 22159.0 0.0 0.0 0.0 0.0 201378.0 15889.0 107.0 0.0 527532.0 144463.0 98624.0 8573.0 187687.0 83867.0 52436.0 95674.0 203.0 358.0 0.0 2156.0 117682.0 6808.0 0.0 0.0 206125.0 36419.0 1398.0 0.0 121510.0 156530.0 63143.0 75313.0 1451.0 25739.0 3241.0 129147.0 101221.0 4483.0 0.0 0.0 127964.0 30519.0 985.0 0.0 37824.0 18296.0 6074.0 331.0 12797.0 9165.0 10546.0 182977.0 
995233.0 56162.0 2482.0 0.0 238418.0 60396.0 30919.0 3053.0 629.0 9.0 320.0 22159.0 0.0 0.0 0.0 0.0 225262.0 15889.0 107.0 0.0 527571.0 144467.0 98624.0 8573.0 187687.0 83867.0 52436.0 95674.0 203.0 358.0 0.0 2156.0 132933.0 6808.0 0.0 0.0 206247.0 36445.0 1398.0 0.0 121510.0 156530.0 63143.0 75313.0 1451.0 25739.0 3241.0 129147.0 126264.0 4483.0 0.0 0.0 132164.0 30544.0 985.0 0.0 37925.0 18346.0 6074.0 331.0 12865.0 9381.0 10881.0 183075.0 
1041684.0 56163.0 2482.0 0.0 238418.0 60396.0 30919.0 3053.0 629.0 9.0 320.0 22159.0 0.0 0.0 0.0 0.0 236243.0 15921.0 107.0 0.0 530507.0 145574.0 98624.0 8573.0 187687.0 83867.0 52436.0 95674.0 203.0 358.0 0.0 2156.0 133641.0 6808.0 0.0 0.0 218165.0 41543.0 1398.0 0.0 121788.0 162269.0 63643.0 75313.0 1451.0 25739.0 3241.0 129147.0 126264.0 4483.0 0.0 0.0 133751.0 30549.0 985.0 0.0 43243.0 23639.0 6088.0 331.0 13188.0 9396.0 10881.0 183075.0 
1073215.0 56163.0 2482.0 0.0 238418.0 60396.0 30919.0 3053.0 629.0 9.0 320.0 22159.0 0.0 0.0 0.0 0.0 258679.0 15936.0 107.0 0.0 530525.0 145632.0 98624.0 8573.0 187687.0 83867.0 52436.0 95674.0 203.0 358.0 0.0 2156.0 156647.0 6818.0 0.0 0.0 218571.0 41918.0 1398.0 0.0 121847.0 162282.0 63651.0 75313.0 1451.0 25739.0 3241.0 129147.0 133836.0 4490.0 0.0 0.0 141214.0 30821.0 986.0 0.0 46918.0 24078.0 6144.0 331.0 13501.0 9864.0 10984.0 183075.0 
1119127.0 56163.0 2482.0 0.0 238418.0 60396.0 30919.0 3053.0 629.0 9.0 320.0 22159.0 0.0 0.0 0.0 0.0 277259.0 15965.0 107.0 0.0 531842.0 146425.0 98624.0 8573.0 187687.0 83867.0 52436.0 95674.0 203.0 358.0 0.0 2156.0 163549.0 6846.0 0.0 0.0 224349.0 43332.0 1400.0 0.0 121869.0 162300.0 63666.0 75313.0 1451.0 25739.0 3241.0 129147.0 138636.0 4508.0 0.0 0.0 147873.0 32490.0 986.0 0.0 48517.0 25497.0 6289.0 331.0 14397.0 10141.0 10996.0 183075.0 
1119131.0 56163.0 2482.0 0.0 238418.0 60396.0 30919.0 3053.0 629.0 9.0 320.0 22159.0 0.0 0.0 0.0 0.0 277271.0 15965.0 107.0 0.0 531864.0 146469.0 98624.0 8573.0 187687.0 83867.0 52436.0 95674.0 203.0 358.0 0.0 2156.0 163560.0 6846.0 0.0 0.0 224352.0 43881.0 1400.0 0.0 121869.0 162477.0 64380.0 75313.0 1451.0 25739.0 3241.0 129147.0 138770.0 4551.0 0.0 0.0 147886.0 51732.0 986.0 0.0 48517.0 26548.0 12203.0 424.0 14397.0 10141.0 13270.0 251079.0 
1120117.0 56163.0 2482.0 0.0 238418.0 60396.0 30919.0 3053.0 629.0 9.0 320.0 22159.0 0.0 0.0 0.0 0.0 278926.0 15966.0 107.0 0.0 532040.0 147084.0 98624.0 8573.0 187687.0 83867.0 52436.0 95674.0 203.0 358.0 0.0 2156.0 166730.0 6846.0 0.0 0.0 224720.0 44413.0 1402.0 0.0 121891.0 165782.0 112724.0 75315.0 1451.0 25739.0 3250.0 129147.0 141310.0 4551.0 0.0 0.0 151433.0 51759.0 986.0 0.0 50415.0 28374.0 25826.0 477.0 14510.0 10341.0 26669.0 252970.0 
1121790.0 56163.0 2482.0 0.0 238988.0 60450.0 30919.0 3053.0 629.0 9.0 320.0 22159.0 0.0 0.0 0.0 0.0 284024.0 15966.0 107.0 0.0 532639.0 148318.0 98624.0 8573.0 187692.0 84027.0 52441.0 95674.0 203.0 358.0 0.0 2156.0 167971.0 6846.0 0.0 0.0 227235.0 46222.0 1402.0 0.0 121891.0 166636.0 116791.0 75315.0 1451.0 25739.0 4078.0 130701.0 143677.0 4551.0 0.0 0.0 156242.0 54849.0 986.0 0.0 50415.0 29155.0 32334.0 558.0 14510.0 10341.0 30422.0 307619.0 
1126636.0 56683.0 2482.0 0.0 239063.0 62021.0 30920.0 3053.0 629.0 9.0 320.0 22159.0 0.0 0.0 0.0 0.0 285199.0 15976.0 107.0 0.0 533130.0 150868.0 98914.0 8573.0 187692.0 84031.0 52582.0 95674.0 203.0 358.0 0.0 2156.0 170129.0 6846.0 0.0 0.0 227746.0 46752.0 1436.0 0.0 121944.0 167015.0 123360.0 75420.0 1451.0 25739.0 4082.0 130714.0 160333.0 4551.0 0.0 0.0 159921.0 54992.0 986.0 0.0 51361.0 30119.0 48186.0 1263.0 14816.0 10741.0 32352.0 342312.0 
1131010.0 56683.0 2482.0 0.0 240181.0 62021.0 30920.0 3053.0 629.0 9.0 320.0 22159.0 0.0 0.0 0.0 0.0 285911.0 15976.0 107.0 0.0 534284.0 151069.0 98914.0 8573.0 187692.0 84033.0 52582.0 95674.0 203.0 358.0 0.0 2156.0 175217.0 6847.0 0.0 0.0 230100.0 47639.0 1436.0 0.0 122029.0 167675.0 123956.0 75420.0 1451.0 25739.0 4086.0 130714.0 162543.0 4575.0 0.0 0.0 161628.0 55087.0 986.0 0.0 52702.0 31404.0 56481.0 1432.0 14817.0 10896.0 33890.0 406560.0 
1131355.0 56683.0 2482.0 0.0 240181.0 62021.0 30920.0 3053.0 629.0 9.0 320.0 22159.0 0.0 0.0 0.0 0.0 287555.0 15991.0 107.0 0.0 534494.0 151890.0 98914.0 8573.0 187692.0 84033.0 52582.0 95674.0 203.0 358.0 0.0 2156.0 178969.0 6852.0 0.0 0.0 230459.0 48931.0 1436.0 0.0 122029.0 168259.0 157269.0 75420.0 1451.0 25739.0 4098.0 130715.0 167544.0 4575.0 0.0 0.0 162484.0 55355.0 990.0 0.0 53527.0 32180.0 80505.0 1473.0 14817.0 10896.0 50091.0 414515.0 
1161201.0 56683.0 2482.0 0.0 241221.0 62021.0 30920.0 3053.0 629.0 9.0 320.0 22159.0 0.0 0.0 0.0 0.0 289075.0 15991.0 107.0 0.0 545965.0 164265.0 98914.0 8573.0 187692.0 84033.0 52582.0 95674.0 203.0 358.0 0.0 2156.0 185225.0 6860.0 0.0 0.0 231517.0 51581.0 1436.0 0.0 122879.0 171549.0 174250.0 75420.0 1451.0 25739.0 4105.0 130715.0 173164.0 4596.0 0.0 0.0 164107.0 55871.0 992.0 0.0 53863.0 32658.0 82536.0 1473.0 14817.0 10907.0 50359.0 414561.0 
1161205.0 56683.0 2482.0 0.0 241221.0 62021.0 30920.0 3053.0 629.0 9.0 320.0 22159.0 0.0 0.0 0.0 0.0 294439.0 15991.0 107.0 0.0 546702.0 164848.0 98914.0 8573.0 187692.0 84033.0 52582.0 95674.0 203.0 358.0 0.0 2156.0 190193.0 6860.0 0.0 0.0 233621.0 53438.0 1436.0 0.0 122890.0 172693.0 175554.0 75420.0 1451.0 25739.0 4105.0 130715.0 173164.0 4596.0 0.0 0.0 167036.0 56220.0 992.0 0.0 55034.0 33287.0 94691.0 1532.0 15780.0 11568.0 57951.0 468281.0 
1178131.0 56683.0 2482.0 0.0 241221.0 62021.0 30920.0 3053.0 629.0 9.0 320.0 22159.0 0.0 0.0 0.0 0.0 302777.0 15991.0 107.0 0.0 546879.0 164866.0 98914.0 8573.0 187692.0 84033.0 52582.0 95674.0 203.0 358.0 0.0 2156.0 200006.0 6860.0 0.0 0.0 237087.0 53605.0 1436.0 0.0 122890.0 172694.0 175554.0 75420.0 1451.0 25739.0 4105.0 130715.0 185871.0 4599.0 0.0 0.0 213351.0 56336.0 992.0 0.0 55100.0 33352.0 94691.0 1532.0 15854.0 11620.0 57951.0 468281.0 
1184232.0 56683.0 2482.0 0.0 241221.0 62021.0 30920.0 3053.0 629.0 9.0 320.0 22159.0 0.0 0.0 0.0 0.0 317464.0 15991.0 107.0 0.0 546930.0 164866.0 98914.0 8573.0 187692.0 84033.0 52582.0 95674.0 203.0 358.0 0.0 2156.0 211883.0 6860.0 0.0 0.0 249144.0 53680.0 1436.0 0.0 122917.0 172694.0 175554.0 75420.0 1451.0 25739.0 4105.0 130715.0 215490.0 4599.0 0.0 0.0 231685.0 56466.0 992.0 0.0 58263.0 33567.0 94691.0 1532.0 15929.0 12411.0 58444.0 468890.0 
1203496.0 56683.0 2482.0 0.0 241669.0 62026.0 30920.0 3053.0 629.0 9.0 320.0 22159.0 0.0 0.0 0.0 0.0 322377.0 15991.0 107.0 0.0 546932.0 164922.0 98914.0 8573.0 187692.0 84034.0 52582.0 95674.0 203.0 358.0 0.0 2156.0 214768.0 6928.0 0.0 0.0 249229.0 53815.0 1436.0 0.0 122918.0 172694.0 175554.0 75420.0 1451.0 25739.0 4105.0 130715.0 233300.0 12853.0 0.0 0.0 234432.0 97429.0 992.0 0.0 58322.0 33934.0 94918.0 1532.0 15929.0 12416.0 58453.0 468890.0 
1229028.0 56683.0 2482.0 0.0 242162.0 62026.0 30920.0 3053.0 629.0 9.0 320.0 22159.0 0.0 0.0 0.0 0.0 324341.0 15991.0 107.0 0.0 550573.0 164926.0 98914.0 8573.0 187730.0 84036.0 52582.0 95674.0 203.0 358.0 0.0 2156.0 216685.0 6928.0 0.0 0.0 255786.0 53820.0 1436.0 0.0 126054.0 173212.0 175554.0 75420.0 1451.0 25740.0 4105.0 130715.0 233670.0 12853.0 0.0 0.0 284469.0 97459.0 992.0 0.0 60951.0 35045.0 94918.0 1532.0 15933.0 12690.0 58494.0 468890.0 
1243861.0 56683.0 2482.0 0.0 242306.0 62026.0 30920.0 3053.0 629.0 9.0 320.0 22159.0 0.0 0.0 0.0 0.0 350341.0 15994.0 107.0 0.0 550920.0 164976.0 98914.0 8573.0 187977.0 84090.0 52582.0 95674.0 203.0 358.0 0.0 2156.0 246053.0 9531.0 0.0 0.0 256007.0 54644.0 1436.0 0.0 126064.0 173269.0 175556.0 75420.0 1451.0 25740.0 4105.0 130715.0 236952.0 20701.0 0.0 0.0 284540.0 108344.0 1107.0 0.0 61022.0 35437.0 95514.0 1535.0 15934.0 12764.0 58602.0 468985.0 
1245498.0 56683.0 2482.0 0.0 242306.0 62026.0 30920.0 3053.0 629.0 9.0 320.0 22159.0 0.0 0.0 0.0 0.0 357711.0 15994.0 107.0 0.0 554970.0 164995.0 98914.0 8573.0 187977.0 84090.0 52582.0 95674.0 203.0 358.0 0.0 2156.0 247126.0 9531.0 0.0 0.0 273257.0 54681.0 1436.0 0.0 139124.0 173618.0 175556.0 75420.0 2678.0 25754.0 4105.0 130715.0 237035.0 20701.0 0.0 0.0 287240.0 108354.0 1107.0 0.0 80845.0 37494.0 95514.0 1535.0 40183.0 16060.0 58602.0 468985.0 
1249399.0 56683.0 2482.0 0.0 244449.0 62442.0 30920.0 3053.0 733.0 100.0 321.0 22159.0 0.0 0.0 0.0 0.0 361646.0 16015.0 107.0 0.0 555055.0 165201.0 98915.0 8573.0 187977.0 84246.0 52702.0 95674.0 203.0 358.0 0.0 2156.0 267785.0 10031.0 0.0 0.0 273298.0 54760.0 1440.0 0.0 139125.0 173619.0 175571.0 75420.0 2678.0 25754.0 4105.0 130715.0 256034.0 52848.0 90.0 0.0 288468.0 113791.0 5498.0 120.0 81389.0 37587.0 96479.0 2486.0 40557.0 16545.0 58602.0 468985.0 
1253625.0 56683.0 2482.0 0.0 244500.0 62442.0 30920.0 3053.0 733.0 100.0 321.0 22159.0 0.0 0.0 0.0 0.0 380208.0 17667.0 107.0 0.0 555085.0 165284.0 98915.0 8573.0 187977.0 84246.0 52702.0 95674.0 203.0 358.0 0.0 2156.0 281247.0 25576.0 7.0 0.0 273298.0 55473.0 1635.0 0.0 139125.0 173619.0 175577.0 75420.0 2678.0 25754.0 4105.0 130715.0 258003.0 75338.0 1940.0 0.0 288468.0 114338.0 20430.0 1853.0 81389.0 37587.0 96612.0 2604.0 40557.0 16545.0 58602.0 468985.0 
1259282.0 56683.0 2482.0 0.0 244568.0 62444.0 30920.0 3053.0 733.0 100.0 321.0 22159.0 0.0 0.0 0.0 0.0 391818.0 17677.0 107.0 0.0 555253.0 165379.0 98915.0 8573.0 188538.0 84246.0 52702.0 95674.0 203.0 358.0 0.0 2156.0 309063.0 25689.0 7.0 0.0 276905.0 56794.0 1635.0 0.0 140503.0 173713.0 175577.0 75420.0 2678.0 25755.0 4105.0 130715.0 268755.0 75595.0 1940.0 0.0 293550.0 124593.0 20430.0 1853.0 89867.0 47261.0 97577.0 2604.0 40567.0 16828.0 58649.0 468985.0 
1284564.0 56683.0 2482.0 0.0 246646.0 62544.0 30920.0 3053.0 733.0 100.0 321.0 22159.0 0.0 0.0 0.0 0.0 391819.0 17677.0 107.0 0.0 558423.0 192348.0 98915.0 8573.0 188969.0 91908.0 53568.0 95817.0 203.0 358.0 0.0 2156.0 309063.0 25689.0 7.0 0.0 277037.0 56826.0 1635.0 0.0 140604.0 181428.0 190222.0 76585.0 2680.0 25892.0 4625.0 131186.0 268755.0 75595.0 1940.0 0.0 293550.0 124593.0 20430.0 1853.0 89867.0 47369.0 97770.0 2612.0 40567.0 16828.0 59660.0 474347.0 
1337759.0 56683.0 2482.0 0.0 247022.0 62547.0 30920.0 3053.0 792.0 100.0 321.0 22159.0 0.0 0.0 0.0 0.0 394248.0 17684.0 107.0 0.0 558706.0 192585.0 98915.0 8573.0 189154.0 92206.0 53579.0 95817.0 488.0 726.0 6.0 2156.0 315994.0 26343.0 7.0 0.0 277719.0 58323.0 1686.0 0.0 140631.0 182167.0 190631.0 76585.0 2696.0 26391.0 5231.0 131208.0 274292.0 81250.0 1958.0 0.0 293743.0 132645.0 24428.0 1894.0 89867.0 47863.0 100338.0 3374.0 40567.0 16849.0 60060.0 475037.0 
1382654.0 56683.0 2482.0 0.0 247314.0 62547.0 30920.0 3053.0 792.0 100.0 321.0 22159.0 0.0 0.0 0.0 0.0 394766.0 17684.0 107.0 0.0 564354.0 193159.0 98915.0 8573.0 189451.0 92294.0 53579.0 95817.0 488.0 726.0 6.0 2156.0 315994.0 26343.0 7.0 0.0 281484.0 58449.0 1686.0 0.0 165421.0 189748.0 190763.0 76585.0 2696.0 26391.0 5231.0 131208.0 274292.0 81250.0 1958.0 0.0 293743.0 132645.0 24428.0 1894.0 93493.0 53828.0 100344.0 3374.0 40567.0 16850.0 60060.0 475037.0 
1405956.0 56683.0 2482.0 0.0 247314.0 62547.0 30920.0 3053.0 792.0 100.0 321.0 22159.0 0.0 0.0 0.0 0.0 396768.0 17684.0 107.0 0.0 565486.0 193166.0 98915.0 8573.0 189451.0 92294.0 53579.0 95817.0 488.0 726.0 6.0 2156.0 316504.0 26343.0 7.0 0.0 286619.0 58492.0 1686.0 0.0 216518.0 189937.0 190763.0 76585.0 2696.0 26391.0 5231.0 131208.0 274292.0 81250.0 1958.0 0.0 293783.0 132649.0 24428.0 1894.0 108211.0 53953.0 100344.0 3374.0 40567.0 16850.0 60060.0 475037.0 
1449283.0 56693.0 2482.0 0.0 251102.0 63588.0 30920.0 3053.0 792.0 100.0 321.0 22159.0 0.0 0.0 0.0 0.0 396999.0 17684.0 107.0 0.0 570084.0 194854.0 98915.0 8573.0 189473.0 92400.0 53585.0 95817.0 488.0 726.0 6.0 2156.0 316504.0 26343.0 7.0 0.0 293307.0 58508.0 1686.0 0.0 239776.0 190398.0 190767.0 76585.0 2697.0 26398.0 5231.0 131208.0 274292.0 81250.0 1958.0 0.0 293783.0 132649.0 24428.0 1894.0 118779.0 54148.0 100344.0 3374.0 42440.0 17243.0 60083.0 475037.0 
1519363.0 56693.0 2482.0 0.0 261550.0 63603.0 30920.0 3053.0 1469.0 110.0 321.0 22159.0 0.0 0.0 0.0 0.0 397092.0 17684.0 107.0 0.0 571500.0 195415.0 98915.0 8573.0 190521.0 92730.0 53590.0 95817.0 488.0 727.0 7.0 2156.0 316504.0 26343.0 7.0 0.0 293621.0 58592.0 1686.0 0.0 242322.0 191946.0 191392.0 76591.0 2697.0 26434.0 5319.0 131216.0 274292.0 81250.0 1958.0 0.0 293783.0 132649.0 24428.0 1894.0 120461.0 56413.0 100911.0 3374.0 42463.0 18222.0 62250.0 475718.0 
1551081.0 56693.0 2482.0 0.0 277689.0 63630.0 30920.0 3053.0 1469.0 110.0 321.0 22159.0 0.0 0.0 0.0 0.0 398345.0 17684.0 107.0 0.0 585748.0 197918.0 98915.0 8573.0 192015.0 93265.0 53590.0 95817.0 488.0 727.0 7.0 2156.0 316589.0 26355.0 7.0 0.0 294318.0 59042.0 1686.0 0.0 243217.0 192735.0 191400.0 76591.0 2697.0 26434.0 5320.0 131216.0 274316.0 81255.0 1958.0 0.0 296023.0 153916.0 24515.0 1894.0 123491.0 56884.0 101070.0 3374.0 42610.0 18241.0 62251.0 475718.0 
1583349.0 56693.0 2482.0 0.0 285919.0 63734.0 30920.0 3053.0 1469.0 110.0 321.0 22159.0 0.0 0.0 0.0 0.0 404253.0 17710.0 107.0 0.0 589605.0 202835.0 98915.0 8573.0 192095.0 95980.0 53644.0 95817.0 488.0 727.0 7.0 2156.0 346212.0 26576.0 7.0 0.0 296800.0 59544.0 1686.0 0.0 243537.0 193381.0 191609.0 76591.0 2697.0 26438.0 5362.0 131216.0 275758.0 81799.0 1958.0 0.0 296827.0 154957.0 24614.0 1894.0 124955.0 57344.0 101274.0 3374.0 42616.0 18272.0 62252.0 475718.0 
1604011.0 83708.0 2482.0 0.0 288734.0 82141.0 30920.0 3053.0 1469.0 110.0 321.0 22159.0 0.0 0.0 0.0 0.0 405189.0 17973.0 107.0 0.0 591539.0 203146.0 98915.0 8573.0 193227.0 96337.0 53647.0 95817.0 488.0 727.0 7.0 2156.0 351143.0 26959.0 7.0 0.0 297707.0 60069.0 1686.0 0.0 245750.0 195681.0 191732.0 76591.0 2730.0 27626.0 5956.0 131218.0 281636.0 82856.0 1958.0 0.0 296967.0 155975.0 24737.0 1894.0 124998.0 57681.0 101736.0 3409.0 42645.0 18870.0 63486.0 476034.0 
1608892.0 84136.0 2482.0 0.0 288757.0 82470.0 32254.0 3053.0 1469.0 110.0 321.0 22159.0 0.0 0.0 0.0 0.0 405341.0 17980.0 107.0 0.0 591712.0 204267.0 109198.0 9515.0 193227.0 96345.0 58913.0 167386.0 488.0 727.0 7.0 2156.0 351156.0 26971.0 7.0 0.0 297711.0 60179.0 1747.0 0.0 245750.0 195729.0 192270.0 76651.0 2730.0 27626.0 5984.0 131254.0 281643.0 82883.0 1958.0 0.0 296967.0 155990.0 24737.0 1894.0 124998.0 57681.0 101789.0 3417.0 42645.0 18870.0 63605.0 476683.0 
1612643.0 84306.0 2482.0 0.0 288761.0 82498.0 32254.0 3053.0 1469.0 110.0 321.0 22159.0 0.0 0.0 0.0 0.0 405430.0 18011.0 107.0 0.0 591734.0 241031.0 162086.0 9515.0 193227.0 96345.0 58927.0 167386.0 488.0 727.0 7.0 2156.0 351157.0 26971.0 7.0 0.0 297715.0 60210.0 1775.0 0.0 245750.0 195733.0 194532.0 77050.0 2730.0 27626.0 5984.0 131262.0 281643.0 82883.0 1958.0 0.0 296967.0 155990.0 24737.0 1894.0 124998.0 57681.0 101799.0 3508.0 42645.0 18870.0 63605.0 478388.0 
1618556.0 84480.0 2482.0 0.0 288827.0 82592.0 32254.0 3053.0 1469.0 110.0 321.0 22159.0 0.0 0.0 0.0 0.0 405456.0 18051.0 107.0 0.0 591992.0 249779.0 229240.0 9515.0 193227.0 96357.0 67914.0 167386.0 488.0 727.0 7.0 2156.0 351157.0 26971.0 7.0 0.0 297715.0 60226.0 1798.0 0.0 245750.0 195753.0 197624.0 77647.0 2730.0 27626.0 5985.0 131283.0 281643.0 82883.0 1958.0 0.0 296967.0 155990.0 24737.0 1894.0 124998.0 57681.0 101812.0 3613.0 42645.0 18870.0 63608.0 481329.0 
1621747.0 85229.0 2482.0 0.0 288827.0 82716.0 32287.0 3053.0 1469.0 110.0 321.0 22159.0 0.0 0.0 0.0 0.0 405522.0 18091.0 107.0 0.0 592015.0 250515.0 229818.0 9520.0 193227.0 96358.0 68549.0 257366.0 488.0 727.0 7.0 2156.0 351159.0 26971.0 7.0 0.0 297739.0 60338.0 1814.0 0.0 245751.0 195945.0 198207.0 78191.0 2730.0 27626.0 5997.0 131498.0 281643.0 82883.0 1958.0 0.0 296967.0 155990.0 24737.0 1894.0 124998.0 57722.0 101835.0 3616.0 42645.0 18870.0 63701.0 481611.0 
1626094.0 86560.0 2482.0 0.0 288827.0 83600.0 42324.0 3053.0 1469.0 110.0 321.0 22159.0 0.0 0.0 0.0 0.0 405559.0 18123.0 107.0 0.0 592015.0 251943.0 299547.0 9520.0 193227.0 96358.0 74224.0 257366.0 488.0 727.0 7.0 2156.0 351159.0 26971.0 7.0 0.0 297739.0 60377.0 1855.0 0.0 245751.0 195945.0 200191.0 78863.0 2730.0 27626.0 5997.0 131555.0 281643.0 82883.0 1958.0 0.0 296967.0 155990.0 24737.0 1894.0 124998.0 57722.0 101865.0 3742.0 42645.0 18870.0 63701.0 483466.0 
1630666.0 86641.0 2482.0 0.0 288828.0 83603.0 42324.0 3053.0 1469.0 110.0 321.0 22159.0 0.0 0.0 0.0 0.0 405727.0 18259.0 107.0 0.0 592043.0 253725.0 300047.0 9520.0 193227.0 96358.0 74227.0 257366.0 488.0 727.0 7.0 2156.0 351160.0 27042.0 7.0 0.0 297740.0 60557.0 2304.0 0.0 245751.0 195946.0 201584.0 91472.0 2730.0 27626.0 5997.0 135321.0 281643.0 82901.0 1958.0 0.0 296967.0 155992.0 24737.0 1894.0 124998.0 57722.0 101865.0 3773.0 42645.0 18870.0 63702.0 555973.0 
1636377.0 87475.0 2482.0 0.0 288832.0 83792.0 42324.0 3053.0 1469.0 110.0 321.0 22159.0 0.0 0.0 0.0 0.0 406413.0 18636.0 107.0 0.0 593227.0 258158.0 301072.0 9520.0 193227.0 96358.0 74433.0 257366.0 488.0 727.0 7.0 2156.0 351160.0 27070.0 7.0 0.0 298023.0 60666.0 2404.0 0.0 245776.0 196019.0 203435.0 92116.0 2730.0 27626.0 5997.0 136483.0 281643.0 82901.0 1958.0 0.0 296967.0 155992.0 24737.0 1894.0 124998.0 57733.0 101929.0 3871.0 42645.0 18870.0 63727.0 635155.0 
1639542.0 88019.0 2482.0 0.0 288832.0 83917.0 42816.0 50763.0 1469.0 110.0 321.0 30963.0 0.0 0.0 0.0 0.0 406754.0 19084.0 107.0 0.0 593273.0 259967.0 302468.0 15036.0 193227.0 96359.0 74630.0 277696.0 488.0 727.0 7.0 2156.0 351160.0 27070.0 7.0 0.0 298023.0 60773.0 2483.0 0.0 245776.0 196063.0 204719.0 94734.0 2730.0 27626.0 5997.0 138498.0 281643.0 82901.0 1958.0 0.0 296967.0 155992.0 24737.0 1894.0 124998.0 57733.0 101986.0 3909.0 42645.0 18870.0 63781.0 636239.0 
1643849.0 88575.0 2489.0 0.0 288834.0 84140.0 50636.0 50763.0 1469.0 110.0 1600.0 30963.0 0.0 0.0 0.0 0.0 406872.0 19124.0 107.0 0.0 593319.0 260711.0 303984.0 15038.0 193227.0 96360.0 100207.0 331109.0 488.0 727.0 7.0 2156.0 351198.0 27083.0 7.0 0.0 298023.0 60797.0 2504.0 0.0 245776.0 196064.0 205217.0 95244.0 2730.0 27626.0 5997.0 138948.0 281685.0 82903.0 1958.0 0.0 296967.0 156003.0 24738.0 1894.0 124998.0 57734.0 102004.0 3911.0 42645.0 18870.0 63781.0 637260.0 
1651177.0 88725.0 2489.0 0.0 288834.0 84164.0 50636.0 50763.0 1469.0 110.0 1600.0 30963.0 0.0 0.0 0.0 0.0 407079.0 19264.0 107.0 0.0 593362.0 264376.0 304156.0 15038.0 193227.0 96360.0 100253.0 331109.0 488.0 727.0 7.0 2156.0 351198.0 27083.0 7.0 0.0 298023.0 60934.0 2844.0 0.0 245776.0 196076.0 207182.0 95396.0 2730.0 27626.0 5997.0 148819.0 281685.0 82903.0 1958.0 0.0 296967.0 156003.0 24738.0 1894.0 124998.0 57734.0 102004.0 3916.0 42645.0 18870.0 63782.0 711306.0 
1655204.0 89118.0 2489.0 0.0 288838.0 84220.0 50636.0 50763.0 1469.0 110.0 1600.0 30963.0 0.0 0.0 0.0 0.0 407232.0 19342.0 107.0 0.0 593478.0 267832.0 305166.0 15038.0 193227.0 96362.0 100271.0 331109.0 488.0 727.0 7.0 2156.0 351198.0 27083.0 7.0 0.0 298024.0 61010.0 3014.0 0.0 245778.0 196138.0 209070.0 96465.0 2730.0 27626.0 5997.0 164259.0 281685.0 82903.0 1958.0 0.0 296967.0 156003.0 24738.0 1894.0 124998.0 57739.0 102052.0 3978.0 42645.0 18870.0 63816.0 781440.0 
1660014.0 89144.0 2489.0 0.0 288839.0 84233.0 50636.0 50763.0 1469.0 110.0 1600.0 30963.0 0.0 0.0 0.0 0.0 407232.0 19342.0 107.0 0.0 593478.0 268083.0 305191.0 15038.0 193227.0 96362.0 100280.0 331109.0 488.0 727.0 7.0 2156.0 351198.0 27083.0 7.0 0.0 298024.0 61011.0 3014.0 0.0 245778.0 196138.0 209422.0 97561.0 2730.0 27626.0 5998.0 172830.0 281685.0 82903.0 1958.0 0.0 296967.0 156003.0 24738.0 1894.0 124998.0 57739.0 102052.0 3979.0 42645.0 18870.0 63820.0 864583.0 
1662219.0 89299.0 2489.0 0.0 288873.0 84406.0 50643.0 50763.0 1469.0 110.0 1600.0 30963.0 0.0 0.0 0.0 0.0 407236.0 19344.0 107.0 0.0 593525.0 270272.0 305457.0 15038.0 193227.0 96458.0 100539.0 331109.0 488.0 727.0 7.0 2156.0 351198.0 27083.0 7.0 0.0 298024.0 61019.0 3018.0 0.0 245778.0 196188.0 212289.0 98836.0 2730.0 27626.0 5999.0 193785.0 281685.0 82903.0 1958.0 0.0 296967.0 156003.0 24738.0 1894.0 124998.0 57739.0 102058.0 3989.0 42645.0 18870.0 63820.0 932274.0 
1666625.0 91534.0 2543.0 0.0 288873.0 84708.0 69999.0 100617.0 1469.0 110.0 1612.0 42364.0 0.0 0.0 0.0 0.0 409122.0 19507.0 107.0 0.0 593565.0 271208.0 306397.0 15171.0 193227.0 96458.0 100704.0 334330.0 488.0 727.0 7.0 2156.0 351220.0 27083.0 7.0 0.0 298059.0 62341.0 4048.0 0.0 245778.0 196194.0 212710.0 98895.0 2730.0 27626.0 5999.0 193792.0 281685.0 82903.0 1958.0 0.0 296967.0 156008.0 24801.0 1894.0 124998.0 57739.0 102089.0 4007.0 42645.0 18870.0 63826.0 932449.0 
1668556.0 93095.0 2548.0 0.0 288873.0 84718.0 72532.0 113669.0 1469.0 110.0 1612.0 42364.0 0.0 0.0 0.0 0.0 409124.0 19617.0 108.0 0.0 593565.0 271500.0 317632.0 79217.0 193227.0 96458.0 100729.0 336143.0 488.0 727.0 7.0 2156.0 351220.0 27083.0 7.0 0.0 298059.0 62341.0 4160.0 16.0 245778.0 196194.0 212962.0 100091.0 2730.0 27626.0 5999.0 193792.0 281685.0 82903.0 1958.0 0.0 296967.0 156008.0 24801.0 1894.0 124998.0 57739.0 102089.0 4040.0 42645.0 18870.0 63826.0 932528.0 
1677957.0 93123.0 2548.0 0.0 295905.0 84888.0 72532.0 113669.0 1469.0 110.0 1612.0 42364.0 0.0 0.0 0.0 0.0 410129.0 19626.0 108.0 0.0 613365.0 306995.0 317632.0 79217.0 195895.0 102831.0 100729.0 336143.0 488.0 727.0 7.0 2156.0 351226.0 27083.0 7.0 0.0 298104.0 63341.0 4183.0 16.0 252097.0 200897.0 213693.0 100091.0 2732.0 27706.0 6006.0 193792.0 281685.0 82903.0 1958.0 0.0 296967.0 156009.0 24801.0 1894.0 124999.0 57811.0 102861.0 4042.0 42646.0 18944.0 64058.0 934780.0 
1699639.0 93125.0 2548.0 0.0 307648.0 85025.0 72532.0 113669.0 1469.0 110.0 1612.0 42364.0 0.0 0.0 0.0 0.0 411011.0 19626.0 108.0 0.0 630118.0 315176.0 317639.0 79217.0 204003.0 110361.0 100731.0 336143.0 488.0 727.0 7.0 2156.0 351226.0 27083.0 7.0 0.0 298285.0 64429.0 4213.0 16.0 256290.0 206265.0 215182.0 100091.0 2838.0 29780.0 6241.0 193792.0 281685.0 82903.0 1958.0 0.0 296967.0 156009.0 24801.0 1894.0 124999.0 57814.0 103872.0 4562.0 42734.0 20615.0 64535.0 939523.0 
1726645.0 93141.0 2548.0 0.0 321289.0 85210.0 72532.0 113669.0 1469.0 110.0 1612.0 42364.0 0.0 0.0 0.0 0.0 412810.0 19810.0 108.0 0.0 652509.0 336127.0 317653.0 79217.0 204934.0 112489.0 100732.0 336143.0 488.0 727.0 7.0 2156.0 351323.0 27092.0 7.0 0.0 298445.0 65834.0 4250.0 16.0 258116.0 209716.0 215848.0 100091.0 2838.0 29804.0 6244.0 193792.0 281685.0 82903.0 1958.0 0.0 296968.0 156074.0 24801.0 1894.0 124999.0 57837.0 104129.0 4587.0 42734.0 20640.0 64585.0 940456.0 
1738270.0 93641.0 2548.0 0.0 326325.0 85841.0 72532.0 113669.0 1469.0 110.0 1612.0 42364.0 0.0 0.0 0.0 0.0 413463.0 19913.0 108.0 0.0 669786.0 376796.0 317704.0 79217.0 207274.0 117276.0 100737.0 336143.0 488.0 727.0 7.0 2156.0 351323.0 27092.0 7.0 0.0 298466.0 66965.0 4386.0 16.0 260237.0 215365.0 217746.0 100092.0 2844.0 30393.0 6392.0 193792.0 281685.0 82903.0 1958.0 0.0 296968.0 156074.0 24801.0 1894.0 124999.0 57837.0 105035.0 4890.0 42734.0 20818.0 64740.0 941841.0 
1754792.0 93671.0 2548.0 0.0 336052.0 86906.0 72603.0 113669.0 1470.0 119.0 1630.0 42364.0 0.0 0.0 0.0 0.0 415921.0 19913.0 108.0 0.0 680647.0 391631.0 317801.0 79217.0 208989.0 129629.0 102995.0 336449.0 488.0 727.0 13.0 2250.0 351459.0 27092.0 7.0 0.0 301196.0 70371.0 4386.0 16.0 260237.0 225562.0 221518.0 100230.0 2844.0 30608.0 6747.0 194901.0 281685.0 82903.0 1958.0 0.0 296968.0 156144.0 24801.0 1894.0 124999.0 58278.0 106199.0 4890.0 42734.0 20818.0 65683.0 943043.0 
1809141.0 93814.0 2548.0 0.0 345634.0 87522.0 72603.0 113669.0 1470.0 119.0 1630.0 42364.0 0.0 0.0 0.0 0.0 426210.0 19942.0 108.0 0.0 686746.0 395738.0 317990.0 79217.0 208989.0 129636.0 102996.0 336449.0 488.0 727.0 13.0 2250.0 351662.0 27092.0 7.0 0.0 301378.0 71234.0 4494.0 16.0 260237.0 226062.0 223533.0 100280.0 2844.0 30608.0 6747.0 194901.0 281685.0 82903.0 1958.0 0.0 296968.0 156144.0 24801.0 1894.0 124999.0 58301.0 108608.0 5037.0 42734.0 20818.0 66686.0 948433.0 
1819342.0 93814.0 2548.0 0.0 352139.0 87577.0 72603.0 113669.0 1470.0 119.0 1630.0 42364.0 0.0 0.0 0.0 0.0 436585.0 19948.0 108.0 0.0 728897.0 403769.0 318709.0 79217.0 208990.0 129849.0 103373.0 336449.0 488.0 727.0 13.0 2250.0 353092.0 27092.0 7.0 0.0 303382.0 72461.0 4523.0 16.0 260237.0 226755.0 225109.0 100310.0 2844.0 30608.0 6764.0 194902.0 281685.0 82903.0 1958.0 0.0 296970.0 156202.0 24801.0 1894.0 124999.0 58612.0 108930.0 5039.0 42734.0 20818.0 68924.0 958163.0 
1824069.0 93904.0 2548.0 0.0 354276.0 87975.0 72603.0 113669.0 1472.0 119.0 1630.0 42364.0 0.0 0.0 0.0 0.0 437210.0 20054.0 108.0 0.0 738594.0 408213.0 318730.0 79217.0 220605.0 152436.0 103376.0 336449.0 488.0 727.0 13.0 2250.0 353170.0 27096.0 7.0 0.0 303744.0 73641.0 4561.0 16.0 270491.0 241276.0 225409.0 100316.0 5313.0 35339.0 6893.0 194902.0 281685.0 82903.0 1958.0 0.0 296971.0 156699.0 24801.0 1894.0 124999.0 58653.0 109094.0 5090.0 44402.0 23856.0 69213.0 960194.0 
1846864.0 93957.0 2548.0 0.0 368382.0 89679.0 72800.0 113669.0 1472.0 119.0 1630.0 42364.0 0.0 0.0 0.0 0.0 440082.0 20062.0 108.0 0.0 753246.0 423597.0 319221.0 79217.0 221242.0 158715.0 104917.0 336977.0 488.0 727.0 13.0 2250.0 353247.0 27096.0 7.0 0.0 304437.0 77163.0 4594.0 16.0 270491.0 244558.0 228475.0 100375.0 5313.0 35339.0 6944.0 194920.0 281685.0 82903.0 1958.0 0.0 296971.0 156699.0 24801.0 1894.0 124999.0 58768.0 110342.0 5090.0 44402.0 23856.0 70232.0 964068.0 
1896630.0 93976.0 2548.0 0.0 391049.0 89739.0 72800.0 113669.0 1472.0 119.0 1630.0 42364.0 0.0 0.0 0.0 0.0 443085.0 20067.0 108.0 0.0 760303.0 429944.0 319230.0 79217.0 221247.0 159295.0 104919.0 336977.0 488.0 727.0 13.0 2250.0 353247.0 27096.0 7.0 0.0 304488.0 78147.0 4652.0 16.0 270491.0 245198.0 230613.0 100375.0 5313.0 35339.0 6944.0 194920.0 281685.0 82903.0 1958.0 0.0 296971.0 156699.0 24801.0 1894.0 124999.0 58859.0 112452.0 5341.0 44402.0 23856.0 70476.0 966285.0 
1935773.0 94276.0 2548.0 0.0 398472.0 90472.0 72800.0 113669.0 1472.0 119.0 1630.0 42364.0 0.0 0.0 0.0 0.0 445401.0 20116.0 108.0 0.0 779813.0 439611.0 321433.0 79217.0 221563.0 165362.0 105741.0 336977.0 488.0 727.0 13.0 2250.0 353799.0 27096.0 7.0 0.0 305495.0 79390.0 4726.0 16.0 270491.0 245706.0 232752.0 102065.0 5313.0 35339.0 6944.0 194971.0 281685.0 82903.0 1958.0 0.0 296976.0 156715.0 24801.0 1894.0 124999.0 58983.0 112940.0 5430.0 44402.0 23857.0 70969.0 967560.0 
