13184.0 8700.0 4765.0 4044.0 3134.0 2503.0 2299.0 2333.0 3019.0 4221.0 5803.0 7352.0 7583.0 6978.0 5933.0 4008.0 2719.0 2081.0 770.0 588.0 1543.0 2439.0 1959.0 344.0 2.0 
15269.0 13831.0 12251.0 13960.0 13235.0 11040.0 10180.0 9231.0 8461.0 7791.0 7794.0 8347.0 8238.0 7548.0 6557.0 5131.0 4151.0 4475.0 3847.0 3961.0 5610.0 6164.0 8538.0 917.0 81.0 
15674.0 14655.0 13648.0 16011.0 15723.0 14106.0 13948.0 14176.0 15205.0 15808.0 17943.0 20443.0 20294.0 22523.0 19037.0 7344.0 4602.0 4581.0 3879.0 3984.0 5621.0 6169.0 8540.0 917.0 81.0 
19202.0 32863.0 16269.0 18867.0 18411.0 16835.0 16196.0 16158.0 16954.0 17376.0 19991.0 23847.0 26015.0 30146.0 26054.0 13820.0 8905.0 8479.0 8207.0 9493.0 9251.0 8377.0 10238.0 1157.0 105.0 
20943.0 37727.0 18428.0 21442.0 22255.0 20972.0 20113.0 19969.0 20567.0 22098.0 26093.0 31132.0 33586.0 38219.0 32024.0 18136.0 14101.0 14152.0 13176.0 12819.0 11163.0 9560.0 11154.0 1552.0 139.0 
23875.0 48050.0 24767.0 26238.0 26592.0 25438.0 24882.0 25704.0 28010.0 30481.0 33630.0 35544.0 36209.0 40635.0 34031.0 19911.0 15661.0 15888.0 14981.0 14565.0 13799.0 13475.0 14665.0 2402.0 391.0 
28403.0 53161.0 28168.0 29323.0 30019.0 29534.0 29454.0 30186.0 32040.0 33875.0 36879.0 38667.0 39267.0 43701.0 36973.0 22855.0 19376.0 21603.0 22966.0 19242.0 22879.0 21116.0 15196.0 2767.0 478.0 
29835.0 57341.0 33742.0 35722.0 37119.0 37347.0 37643.0 38634.0 41375.0 43086.0 44109.0 43190.0 42908.0 46312.0 37470.0 23116.0 19485.0 21664.0 23016.0 19294.0 23160.0 22241.0 25125.0 3019.0 479.0 
35543.0 64144.0 38935.0 41566.0 42294.0 41141.0 41939.0 44636.0 49912.0 52129.0 52246.0 48727.0 47671.0 49781.0 39998.0 24710.0 20159.0 21989.0 23252.0 19428.0 23280.0 22342.0 35184.0 3251.0 479.0 
37297.0 70267.0 49742.0 50161.0 50451.0 51050.0 50567.0 51768.0 55898.0 56729.0 58410.0 51404.0 48348.0 50189.0 40333.0 24987.0 20447.0 22275.0 23492.0 19693.0 23564.0 22763.0 48085.0 4521.0 599.0 
38674.0 73518.0 53814.0 54756.0 55333.0 56726.0 60917.0 68072.0 73109.0 69166.0 62928.0 54682.0 51102.0 52640.0 41684.0 25467.0 20742.0 22572.0 23806.0 20026.0 24082.0 23141.0 49004.0 4773.0 610.0 
40518.0 77895.0 57743.0 58255.0 58948.0 60973.0 66277.0 74798.0 80677.0 75023.0 68567.0 68617.0 64871.0 59322.0 45046.0 27201.0 22009.0 23495.0 24647.0 20642.0 24632.0 23766.0 50128.0 4969.0 629.0 
42930.0 81710.0 60301.0 60538.0 61328.0 63431.0 68804.0 77698.0 84054.0 79154.0 74453.0 78216.0 78068.0 72117.0 53816.0 32217.0 24443.0 24338.0 25006.0 20773.0 24704.0 23850.0 59484.0 5879.0 640.0 
51062.0 83952.0 61865.0 62617.0 64389.0 67424.0 74147.0 83997.0 90795.0 86489.0 83174.0 88004.0 85247.0 75045.0 54503.0 32400.0 24537.0 24481.0 25689.0 23181.0 29407.0 26714.0 70518.0 5972.0 647.0 
56808.0 94182.0 70286.0 69396.0 70367.0 73478.0 80296.0 91004.0 99061.0 94987.0 89692.0 90661.0 86025.0 75460.0 54873.0 32671.0 24812.0 24736.0 25983.0 23783.0 30934.0 28908.0 79025.0 6449.0 683.0 
58388.0 97424.0 72989.0 72296.0 74045.0 78059.0 86162.0 97782.0 106167.0 102206.0 98131.0 99530.0 95460.0 82338.0 60182.0 39076.0 29712.0 26497.0 26447.0 23914.0 30977.0 28924.0 79026.0 6449.0 683.0 
60708.0 104803.0 76599.0 75871.0 78857.0 84591.0 93861.0 105661.0 113204.0 107486.0 102093.0 104642.0 100617.0 88030.0 63554.0 43273.0 33265.0 30253.0 31559.0 24794.0 31543.0 29306.0 79266.0 6606.0 726.0 
60841.0 105727.0 78307.0 79890.0 86471.0 94387.0 105538.0 117716.0 123055.0 115947.0 109750.0 111034.0 105308.0 91168.0 66078.0 45224.0 34772.0 31504.0 32387.0 25298.0 32018.0 29693.0 79677.0 6900.0 782.0 
62137.0 107181.0 80364.0 82116.0 88974.0 97376.0 109080.0 121992.0 128717.0 123503.0 119635.0 123977.0 118577.0 97313.0 67940.0 46234.0 35911.0 33136.0 34535.0 28986.0 36478.0 33112.0 82479.0 7229.0 794.0 
62754.0 108814.0 82521.0 84275.0 91582.0 100690.0 113137.0 127010.0 135231.0 133114.0 134304.0 140418.0 131677.0 104939.0 71485.0 47678.0 36686.0 33778.0 34987.0 29363.0 36795.0 33491.0 83002.0 7511.0 838.0 
63867.0 110357.0 84198.0 85872.0 93229.0 102365.0 114956.0 129301.0 138093.0 136640.0 138640.0 145759.0 138122.0 112933.0 80723.0 55511.0 41837.0 36757.0 37688.0 36810.0 44845.0 44306.0 83204.0 7532.0 839.0 
66163.0 112500.0 85627.0 86992.0 94245.0 103450.0 116394.0 131572.0 142279.0 143966.0 150053.0 160024.0 150513.0 119187.0 82689.0 56208.0 42115.0 37619.0 39521.0 40830.0 51601.0 51420.0 89070.0 7790.0 860.0 
68278.0 113605.0 86363.0 87829.0 95600.0 105633.0 120067.0 137701.0 151196.0 153826.0 159635.0 169438.0 158483.0 123917.0 85607.0 59161.0 46340.0 41970.0 44023.0 44976.0 54494.0 53306.0 90535.0 8134.0 875.0 
70299.0 114936.0 88281.0 91665.0 102607.0 114317.0 127212.0 143229.0 156174.0 158725.0 165571.0 175548.0 164838.0 129257.0 90255.0 64316.0 51714.0 46157.0 46972.0 47318.0 55698.0 53867.0 91066.0 8391.0 883.0 
70433.0 115111.0 88496.0 91945.0 103152.0 115222.0 128433.0 144922.0 158729.0 162471.0 171478.0 182637.0 170598.0 133507.0 93191.0 66173.0 52825.0 46898.0 47440.0 47598.0 55910.0 54092.0 92288.0 16220.0 10028.0 
73816.0 119670.0 93362.0 96898.0 108611.0 121096.0 134865.0 151845.0 166499.0 170950.0 180523.0 191817.0 178743.0 139422.0 97017.0 68105.0 53719.0 47289.0 47637.0 47658.0 55930.0 54092.0 92289.0 16220.0 10028.0 
75319.0 123226.0 96931.0 100698.0 112639.0 125494.0 139766.0 157355.0 172598.0 177659.0 187873.0 199941.0 186685.0 146551.0 101661.0 70606.0 55380.0 49446.0 51511.0 52638.0 58976.0 54725.0 92439.0 16253.0 10035.0 
75368.0 124817.0 100462.0 105418.0 119265.0 133283.0 147899.0 165655.0 180841.0 185531.0 195501.0 207997.0 197030.0 156095.0 106059.0 71583.0 55654.0 49552.0 51554.0 52668.0 58998.0 54740.0 92449.0 16255.0 10035.0 
75756.0 126313.0 102758.0 108120.0 122552.0 136948.0 151906.0 169790.0 185027.0 190114.0 200589.0 213711.0 203501.0 163712.0 115336.0 81207.0 63717.0 57337.0 57462.0 54318.0 59319.0 54777.0 92451.0 16257.0 10035.0 
75929.0 127163.0 104451.0 109938.0 124406.0 138681.0 153803.0 171803.0 187454.0 192974.0 204594.0 219183.0 211447.0 174754.0 127404.0 90943.0 70471.0 64663.0 66415.0 59986.0 61198.0 54896.0 92467.0 16259.0 10035.0 
76844.0 129231.0 108533.0 117431.0 133172.0 147500.0 162814.0 179736.0 194787.0 199452.0 210371.0 224534.0 216720.0 179688.0 131897.0 94391.0 72827.0 66146.0 67367.0 60550.0 61630.0 55135.0 92543.0 16279.0 10043.0 
77246.0 130300.0 110361.0 119795.0 136192.0 150891.0 166728.0 184240.0 200157.0 205535.0 217453.0 232395.0 224935.0 187323.0 139236.0 101480.0 80684.0 73076.0 71468.0 62221.0 62106.0 55221.0 92559.0 16280.0 10043.0 
77247.0 130941.0 126953.0 129689.0 144510.0 155990.0 172089.0 189359.0 204524.0 209991.0 222706.0 238543.0 230022.0 193179.0 144540.0 105130.0 82575.0 74388.0 72365.0 62872.0 62375.0 55344.0 94351.0 16503.0 10043.0 
91163.0 137559.0 130595.0 133225.0 147833.0 158794.0 174687.0 192208.0 213150.0 217846.0 229192.0 244080.0 235240.0 198195.0 147826.0 106694.0 83853.0 75742.0 74167.0 66179.0 69206.0 55440.0 95026.0 16590.0 10043.0 
91163.0 137559.0 130658.0 134784.0 154471.0 166269.0 180223.0 198347.0 218990.0 225873.0 240500.0 256574.0 246921.0 209120.0 154785.0 109018.0 84983.0 75939.0 74176.0 66179.0 69206.0 55440.0 95026.0 16590.0 10043.0 
91930.0 142305.0 138578.0 140749.0 160200.0 170834.0 183437.0 202639.0 225032.0 234740.0 255315.0 272462.0 255099.0 213963.0 156625.0 109380.0 85028.0 75960.0 74205.0 66200.0 69295.0 55504.0 95028.0 16590.0 10043.0 
95526.0 149625.0 139341.0 141492.0 160756.0 171322.0 197248.0 261522.0 225964.0 235789.0 257486.0 275377.0 257624.0 215855.0 157285.0 109380.0 85028.0 75960.0 74205.0 66200.0 69295.0 55504.0 95028.0 16590.0 10043.0 
105307.0 166167.0 147893.0 145003.0 164555.0 176055.0 203059.0 264809.0 229944.0 240271.0 264086.0 281960.0 264560.0 221577.0 161446.0 112580.0 85622.0 75990.0 74205.0 66200.0 69295.0 55504.0 95028.0 16590.0 10043.0 
105893.0 180063.0 164871.0 157794.0 172014.0 182047.0 209463.0 270703.0 236153.0 245309.0 268238.0 285544.0 267497.0 226118.0 162993.0 112837.0 85658.0 75993.0 74205.0 66200.0 69295.0 55504.0 95028.0 16590.0 10043.0 
126135.0 189950.0 171151.0 161489.0 174796.0 184981.0 213254.0 274416.0 240194.0 250656.0 275754.0 292833.0 277663.0 232166.0 165181.0 114451.0 86397.0 76022.0 74207.0 66201.0 69295.0 55504.0 95028.0 16590.0 10043.0 
126401.0 201421.0 181792.0 167744.0 181606.0 193041.0 224850.0 282704.0 245291.0 255207.0 280664.0 297493.0 281994.0 235409.0 167769.0 116351.0 88036.0 77439.0 74762.0 66223.0 69299.0 55504.0 95028.0 16590.0 10043.0 
188918.0 209684.0 182124.0 168082.0 185895.0 201091.0 227672.0 284986.0 247626.0 257175.0 282119.0 298414.0 282553.0 235816.0 168064.0 116617.0 88310.0 77633.0 74957.0 66702.0 69362.0 55504.0 95028.0 16590.0 10043.0 
267656.0 213338.0 183504.0 169188.0 188144.0 203066.0 229015.0 286131.0 248753.0 258003.0 282830.0 298873.0 282943.0 236150.0 168332.0 116843.0 88540.0 77851.0 75262.0 68016.0 69632.0 55537.0 95029.0 16590.0 10043.0 
276728.0 219611.0 201699.0 185739.0 206488.0 214100.0 233963.0 290585.0 251744.0 260235.0 284334.0 299874.0 283466.0 236457.0 168551.0 117057.0 88716.0 77965.0 75345.0 68059.0 69653.0 55542.0 95029.0 16590.0 10043.0 
278236.0 224618.0 210928.0 198850.0 219580.0 223642.0 241751.0 297937.0 258560.0 268634.0 295122.0 303243.0 284572.0 236753.0 168632.0 117081.0 88740.0 77984.0 75364.0 68098.0 69906.0 55981.0 95032.0 16590.0 10043.0 
304670.0 232636.0 216201.0 204732.0 224153.0 227192.0 244388.0 300878.0 262526.0 273329.0 299223.0 306370.0 287398.0 240170.0 172811.0 122795.0 93883.0 79312.0 75746.0 68208.0 69913.0 55982.0 95032.0 16590.0 10043.0 
319922.0 245326.0 229310.0 214626.0 233392.0 236930.0 249942.0 304696.0 265002.0 275727.0 301541.0 308657.0 289539.0 241892.0 174060.0 124002.0 95051.0 80108.0 76482.0 68584.0 70046.0 55985.0 95032.0 16590.0 10043.0 
345865.0 252269.0 234944.0 219295.0 238952.0 245594.0 255893.0 310131.0 270819.0 281531.0 305980.0 312799.0 291863.0 243451.0 175195.0 124888.0 95672.0 80709.0 77354.0 69447.0 70457.0 56016.0 95032.0 16590.0 10043.0 
345865.0 252269.0 234944.0 219295.0 238953.0 245599.0 255911.0 310151.0 270835.0 281571.0 306171.0 313462.0 300386.0 250799.0 178142.0 126336.0 96860.0 82284.0 78789.0 74727.0 84280.0 66612.0 136763.0 18033.0 10056.0 
345971.0 252454.0 235301.0 220050.0 239783.0 246904.0 258368.0 310937.0 271498.0 282590.0 307591.0 314985.0 301477.0 251846.0 179154.0 130459.0 117229.0 92381.0 105552.0 96875.0 84504.0 66632.0 136767.0 18033.0 10056.0 
346092.0 252696.0 235713.0 222122.0 242093.0 248269.0 259251.0 311758.0 272309.0 285127.0 313200.0 318996.0 303206.0 253264.0 180550.0 131828.0 118512.0 93902.0 109689.0 108639.0 96485.0 87055.0 156503.0 18375.0 10067.0 
346599.0 253633.0 237148.0 223184.0 243529.0 250483.0 269350.0 318100.0 274797.0 287372.0 315195.0 320836.0 304799.0 254546.0 181694.0 132812.0 120035.0 104144.0 116888.0 117844.0 106008.0 97698.0 168778.0 18453.0 10080.0 
346720.0 254074.0 237745.0 224525.0 245305.0 251740.0 270865.0 321519.0 277273.0 289371.0 316824.0 322407.0 305959.0 255303.0 182387.0 133561.0 120983.0 105209.0 121561.0 124387.0 119648.0 120328.0 195698.0 18826.0 10091.0 
346811.0 254196.0 237833.0 224627.0 245748.0 254199.0 274061.0 322997.0 278885.0 291226.0 317903.0 323017.0 306628.0 256111.0 183519.0 139540.0 129869.0 117177.0 142042.0 159084.0 120180.0 120345.0 195698.0 18826.0 10091.0 
350229.0 257281.0 239252.0 226617.0 253248.0 269417.0 285673.0 331012.0 284998.0 296249.0 322071.0 326363.0 309181.0 258005.0 185438.0 141643.0 132375.0 120959.0 153920.0 159760.0 120263.0 120348.0 195698.0 18826.0 10091.0 
350229.0 257281.0 239252.0 226618.0 253300.0 270233.0 290181.0 335164.0 287048.0 297586.0 323103.0 327904.0 310625.0 259747.0 186748.0 142629.0 133373.0 122509.0 159833.0 169663.0 130241.0 132476.0 232381.0 19006.0 10091.0 
364488.0 258691.0 240675.0 229483.0 256105.0 272837.0 293096.0 338679.0 291388.0 304248.0 332014.0 339507.0 322934.0 275817.0 193113.0 142703.0 133383.0 122514.0 159852.0 169685.0 130333.0 132502.0 232381.0 19006.0 10091.0 
365640.0 260635.0 243286.0 233596.0 260889.0 278150.0 299075.0 347061.0 305047.0 319363.0 343823.0 347006.0 328110.0 279459.0 195251.0 144119.0 134207.0 123032.0 160152.0 169929.0 130591.0 133058.0 233253.0 19006.0 10091.0 
365641.0 260709.0 255153.0 240935.0 265312.0 279823.0 300157.0 348226.0 310705.0 325651.0 359110.0 365798.0 344088.0 286297.0 196327.0 144386.0 134362.0 123158.0 160279.0 170000.0 130606.0 133060.0 233253.0 19006.0 10091.0 
365641.0 260710.0 274322.0 246744.0 266637.0 280849.0 301097.0 349528.0 312815.0 329237.0 368357.0 383440.0 361781.0 297605.0 199161.0 145991.0 135531.0 123952.0 160633.0 170192.0 130748.0 133113.0 233256.0 19006.0 10091.0 
365668.0 270036.0 281260.0 256567.0 276981.0 291341.0 311352.0 357667.0 320084.0 335628.0 374019.0 388616.0 365668.0 299760.0 199927.0 146456.0 135852.0 124226.0 160819.0 170324.0 130841.0 133176.0 233359.0 19023.0 10091.0 
365668.0 270036.0 282172.0 257293.0 278550.0 294842.0 313734.0 359678.0 322746.0 338364.0 379208.0 395389.0 370369.0 304645.0 204919.0 151481.0 142797.0 136803.0 181615.0 180025.0 131061.0 133177.0 233359.0 19023.0 10091.0 
365668.0 270216.0 283608.0 259355.0 281413.0 302802.0 326547.0 372693.0 337469.0 350249.0 390300.0 401972.0 374181.0 307573.0 206975.0 152883.0 143800.0 137469.0 182128.0 180447.0 131590.0 133533.0 233364.0 19023.0 10091.0 
365668.0 270216.0 284190.0 264856.0 298605.0 314146.0 337352.0 382114.0 346789.0 357912.0 395837.0 406389.0 378364.0 311445.0 211230.0 156297.0 144561.0 137498.0 182134.0 180449.0 131590.0 133533.0 233364.0 19023.0 10091.0 
365668.0 270221.0 287924.0 268954.0 304426.0 324453.0 353215.0 392034.0 351214.0 361053.0 398584.0 409845.0 382843.0 316734.0 217369.0 163356.0 150472.0 140736.0 183890.0 181192.0 131759.0 133537.0 233364.0 19023.0 10091.0 
370619.0 283263.0 290911.0 271457.0 305642.0 325389.0 354200.0 393588.0 353930.0 365568.0 408750.0 422239.0 389348.0 322548.0 221325.0 166999.0 153587.0 144638.0 189749.0 184626.0 134429.0 134161.0 233941.0 19254.0 10100.0 
420027.0 285710.0 292332.0 272591.0 307327.0 327562.0 357699.0 396826.0 356956.0 368993.0 412733.0 426056.0 392804.0 325694.0 224143.0 169558.0 155605.0 146233.0 190894.0 185371.0 135003.0 134641.0 234309.0 19388.0 10110.0 
420773.0 325342.0 294422.0 273743.0 308311.0 328409.0 358545.0 397736.0 358010.0 370398.0 414929.0 429205.0 397389.0 331828.0 234012.0 180747.0 162434.0 150801.0 191013.0 185371.0 135003.0 134641.0 234309.0 19388.0 10110.0 
420774.0 342752.0 299261.0 274454.0 309064.0 329327.0 359307.0 398343.0 358582.0 370873.0 415494.0 431620.0 407713.0 349219.0 252161.0 195729.0 169841.0 150824.0 191013.0 185371.0 135003.0 134641.0 234309.0 19388.0 10110.0 
436188.0 351263.0 306809.0 280772.0 313307.0 332850.0 361796.0 400255.0 360101.0 372526.0 418084.0 436149.0 415803.0 357553.0 256099.0 200085.0 176198.0 155144.0 193076.0 185855.0 135082.0 134667.0 234316.0 19389.0 10110.0 
437003.0 415511.0 309241.0 282703.0 315516.0 336042.0 365259.0 401985.0 361362.0 373721.0 419081.0 436960.0 416589.0 358400.0 257306.0 201616.0 178169.0 157256.0 194831.0 187410.0 136219.0 135320.0 234679.0 19483.0 10119.0 
453951.0 420952.0 312988.0 286062.0 319647.0 341477.0 371077.0 408574.0 367209.0 378061.0 422975.0 441799.0 428482.0 367166.0 260512.0 203461.0 179351.0 157795.0 195136.0 187575.0 136233.0 135321.0 234679.0 19483.0 10119.0 
453958.0 422473.0 327899.0 294178.0 330401.0 360974.0 389895.0 413379.0 370926.0 380996.0 425570.0 444302.0 430944.0 368912.0 261803.0 204507.0 180041.0 158334.0 195411.0 187641.0 136243.0 135321.0 234679.0 19483.0 10119.0 
453958.0 422473.0 327922.0 295809.0 363239.0 393922.0 397789.0 417524.0 373507.0 382888.0 427001.0 445647.0 432172.0 370322.0 263201.0 205742.0 181229.0 159587.0 196620.0 188577.0 136967.0 135856.0 235041.0 19573.0 10127.0 
454534.0 423548.0 329313.0 296749.0 364015.0 394490.0 398278.0 417956.0 373955.0 383629.0 429861.0 456920.0 477261.0 389866.0 273943.0 205870.0 181344.0 159725.0 196748.0 188740.0 137098.0 136009.0 235267.0 19731.0 10147.0 
455308.0 424355.0 330370.0 297415.0 364334.0 394742.0 398600.0 419532.0 380569.0 405238.0 468975.0 477031.0 477839.0 390150.0 274411.0 206557.0 181859.0 160072.0 197088.0 189123.0 137456.0 136303.0 235762.0 20034.0 10178.0 
456144.0 425106.0 331431.0 298651.0 365460.0 395655.0 399281.0 420291.0 381484.0 409962.0 485746.0 507844.0 503820.0 395803.0 274794.0 206887.0 182614.0 160968.0 197671.0 189502.0 137852.0 136994.0 236875.0 20546.0 10224.0 
457224.0 425810.0 332165.0 299341.0 365885.0 395934.0 399525.0 420551.0 381710.0 410142.0 485944.0 508565.0 509989.0 453829.0 301063.0 207490.0 182959.0 161249.0 197933.0 189891.0 138019.0 137038.0 236883.0 20546.0 10224.0 
458203.0 426682.0 332589.0 300268.0 367172.0 396997.0 400074.0 421106.0 384437.0 426827.0 507858.0 537652.0 525928.0 454534.0 301464.0 207881.0 183494.0 161827.0 198483.0 190410.0 138412.0 137411.0 237362.0 20850.0 10292.0 
460382.0 427665.0 333072.0 300703.0 367518.0 397283.0 400325.0 421430.0 384822.0 427406.0 508363.0 538086.0 526571.0 455144.0 301899.0 208098.0 183684.0 162732.0 206965.0 206592.0 172565.0 154107.0 249272.0 21514.0 10319.0 
460703.0 429686.0 334264.0 301605.0 368736.0 398573.0 401526.0 423056.0 387246.0 427994.0 509083.0 538741.0 527388.0 455856.0 302507.0 208491.0 184066.0 163080.0 207412.0 207170.0 180546.0 179968.0 294238.0 22519.0 10367.0 
460979.0 430312.0 334843.0 302252.0 369515.0 399472.0 402426.0 423680.0 387827.0 442152.0 538481.0 556549.0 536407.0 467317.0 304906.0 209990.0 185300.0 164361.0 208659.0 208556.0 181126.0 180174.0 294647.0 22794.0 10400.0 
461458.0 431713.0 335874.0 303095.0 370193.0 399917.0 402770.0 424112.0 389162.0 444365.0 541979.0 563994.0 549829.0 489237.0 344411.0 211316.0 185563.0 164509.0 208784.0 208819.0 181429.0 180444.0 294968.0 23021.0 10467.0 
464473.0 433883.0 336895.0 303559.0 370606.0 400379.0 403175.0 424478.0 389593.0 444970.0 542758.0 565066.0 550897.0 490085.0 344983.0 211639.0 185673.0 164586.0 208963.0 210136.0 209102.0 214477.0 315504.0 23324.0 10529.0 
465188.0 434837.0 337613.0 304032.0 371227.0 401150.0 403957.0 425249.0 390372.0 445667.0 543492.0 565809.0 551619.0 490706.0 345500.0 212080.0 186068.0 165002.0 209473.0 220548.0 248058.0 240538.0 325035.0 23963.0 10854.0 
468532.0 435883.0 337783.0 304137.0 371320.0 401213.0 404004.0 425302.0 390422.0 445697.0 543535.0 565857.0 551660.0 490751.0 345541.0 212127.0 186128.0 165064.0 210154.0 230702.0 301888.0 265128.0 328260.0 24309.0 10944.0 
469008.0 436279.0 338046.0 304558.0 371687.0 401542.0 404356.0 425629.0 390830.0 446102.0 543926.0 566300.0 552445.0 491459.0 346073.0 212768.0 186836.0 165481.0 212281.0 240142.0 336357.0 291476.0 345463.0 24603.0 10998.0 
470606.0 437462.0 338991.0 305488.0 373316.0 403314.0 407286.0 433620.0 405864.0 468124.0 564039.0 581598.0 556094.0 492842.0 346953.0 213299.0 186951.0 165522.0 212324.0 240182.0 336408.0 291559.0 345501.0 24608.0 10998.0 
470749.0 437932.0 339939.0 306471.0 373843.0 403629.0 407508.0 434009.0 412943.0 483159.0 586184.0 608643.0 575080.0 495357.0 347464.0 213745.0 187183.0 165635.0 212401.0 240228.0 336435.0 291576.0 345517.0 24623.0 11000.0 
471937.0 439983.0 341994.0 308064.0 375837.0 406515.0 411075.0 439047.0 421133.0 495714.0 603924.0 625073.0 584828.0 500222.0 349812.0 215276.0 188085.0 166196.0 212762.0 240512.0 336653.0 291955.0 347003.0 24924.0 11033.0 
473599.0 443660.0 346680.0 313347.0 380845.0 411169.0 415613.0 444314.0 427783.0 504219.0 613735.0 633401.0 590882.0 504604.0 352992.0 217872.0 190315.0 168221.0 214659.0 242207.0 338568.0 294231.0 348748.0 25132.0 11065.0 
475388.0 447818.0 351539.0 319057.0 387956.0 419440.0 425016.0 453802.0 437380.0 514030.0 623867.0 640914.0 594947.0 506992.0 354260.0 218662.0 190742.0 168502.0 214809.0 242333.0 338675.0 294349.0 349218.0 25384.0 11085.0 
476017.0 449502.0 353660.0 321910.0 390846.0 422526.0 427975.0 457841.0 447360.0 535203.0 643667.0 649481.0 599403.0 510174.0 356893.0 220766.0 192461.0 169732.0 215755.0 243077.0 339158.0 294681.0 349707.0 25579.0 11095.0 
477961.0 452347.0 356624.0 325207.0 394743.0 427156.0 433481.0 464242.0 454820.0 543612.0 652212.0 657724.0 607232.0 517348.0 362652.0 224936.0 195158.0 171615.0 217434.0 244228.0 339747.0 295150.0 350132.0 25860.0 11152.0 
479550.0 459724.0 365435.0 340608.0 412690.0 441225.0 443565.0 469833.0 457176.0 544873.0 653067.0 658394.0 607809.0 517967.0 363237.0 225517.0 195777.0 172355.0 218416.0 245635.0 341641.0 297014.0 351931.0 26460.0 11178.0 
480597.0 460818.0 367411.0 344130.0 417582.0 446888.0 450362.0 478018.0 470732.0 565181.0 664732.0 661618.0 608895.0 518744.0 364103.0 226071.0 196156.0 172678.0 218730.0 245984.0 342312.0 300214.0 359239.0 26990.0 11196.0 
481568.0 461554.0 368094.0 345019.0 418725.0 448035.0 451623.0 479368.0 472580.0 569659.0 673984.0 674442.0 621858.0 530400.0 373400.0 233245.0 201519.0 177189.0 222453.0 248815.0 344003.0 301349.0 360543.0 27061.0 11199.0 
482994.0 464301.0 372743.0 350481.0 424807.0 455200.0 459641.0 487426.0 481012.0 578729.0 683124.0 681822.0 626953.0 533806.0 375961.0 235012.0 202664.0 177933.0 223118.0 249514.0 344748.0 302530.0 362910.0 27347.0 11213.0 
489146.0 473639.0 382310.0 361038.0 436411.0 466502.0 469661.0 495472.0 487010.0 582436.0 685125.0 683022.0 627796.0 534565.0 376711.0 235836.0 203401.0 178718.0 223915.0 250387.0 345457.0 303187.0 363782.0 27548.0 11218.0 
490011.0 479747.0 399023.0 372513.0 440100.0 470160.0 475262.0 500792.0 493102.0 590355.0 695240.0 692515.0 631250.0 536022.0 377783.0 236755.0 204177.0 179451.0 224557.0 250912.0 345778.0 303506.0 364698.0 27669.0 11219.0 
